-23825.0003078182	-1322050.00335697
-23949.9989084693	-1322049.99667952
-23950.0009334573	-1321925.00175898
-24074.999871108	-1321925.00501086
-24075.000995606	-1321799.99915199
-24200.0000711983	-1321800.00134986
-24200.0004898394	-1321674.99553272
-24324.9997032478	-1321674.99667435
-24449.9989659958	-1321550.00196202
-24575.0010463597	-1321550.00116016
-24574.99975608	-1321424.99520479
-24699.9998747394	-1321425.00436459
-24824.9999992718	-1321175.00057453
-24950.0001935408	-1321174.99662251
-24949.9992403793	-1321050.00171404
-25074.9995748942	-1321049.99669322
-25075.0001940517	-1320925.00177522
-25200.0006686875	-1320924.99568313
-25200.0005499826	-1320800.00079812
-25324.999069929	-1320800.00465741
-25450.0001213755	-1320799.99664268
-25449.9989648526	-1320675.00156324
-25575.0003708294	-1320675.0034522
-25575.0005578691	-1320549.99737742
-25699.9998018767	-1320549.99823183
-25699.9994484735	-1320425.00316629
-25825.0011410166	-1320425.00289442
-25950.0009748797	-1320425.00181478
-25949.9993460041	-1320299.99556554
-26074.999541538	-1320300.00438174
-26199.9999711624	-1320300.00136356
-26325.0008526936	-1320299.99749136
-26325.0003716287	-1320175.0017352
-26449.999098784	-1320174.99681969
-26575.0008070314	-1320175.00198329
-26700.0004490608	-1320174.99535769
-26700.0008870241	-1320049.99910327
-26825.0009060804	-1320050.0023641
-26949.9990852235	-1320050.00481565
-26950.0005131949	-1319924.99731299
-27074.9988494064	-1319924.99866742
-27200.0005109995	-1319800.00236924
-27324.9994752393	-1319800.0017657
-27324.9992342273	-1319675.00503231
-27450.0006616192	-1319675.00327806
-27449.999393016	-1319549.99557812
-27575.0012083692	-1319550.0036985
-27574.999135234	-1319424.99601114
-27700.0011110762	-1319425.00302378
-27700.0005317283	-1319299.99529964
-27825.0003653269	-1319300.00125065
-27824.9992042396	-1319175.0045168
-27949.9989667092	-1319174.99837585
-27949.9992912311	-1319050.0016025
-28074.999446688	-1319050.00532706
-28199.999853631	-1319049.99720603
-28199.999031902	-1318925.00018973
-28324.9998358334	-1318925.00193071
-28450.0011300052	-1318925.00280467
-28575.0006144552	-1318925.00286139
-28700.0005931417	-1318925.00205129
-28700.0004118572	-1319050.00013249
-28824.9989092291	-1319049.99876242
-28950.0002069863	-1319049.9964763
-28949.9997392514	-1318924.99788075
-29074.9991527121	-1318925.00550022
-29200.0011293559	-1318925.00122216
-29324.9990063056	-1318924.99617908
-29449.9999365963	-1318925.0011976
-29449.9999506745	-1318800.00176742
-29575.0008186212	-1318799.9946758
-29700.0001423307	-1318799.9977472
-29824.9999803549	-1318799.99995048
-29825.0007876512	-1318674.99993366
-29950.0008136971	-1318675.00100197
-30074.9990565532	-1318675.00125333
-30200.0001212619	-1318675.00058286
-30324.999406776	-1318674.99909563
-30449.9992166151	-1318674.99673904
-30450.0001438829	-1318549.99558338
-30575.0004045184	-1318550.00306434
-30700.000939944	-1318549.99869522
-30824.9999610783	-1318550.00448839
-30824.9993506626	-1318425.00277145
-30950.000617597	-1318424.99638524
-31075.0003765818	-1318425.00016036
-31075.0008509082	-1318299.9980961
-31200.0008142512	-1318300.00072146
-31200.0003999351	-1318174.99863842
-31325.0005675215	-1318175.00011177
-31449.9989769363	-1318175.00076572
-31575.0002314751	-1318175.00049057
-31575.0005482056	-1318049.99777169
-31699.9997104854	-1318049.99639499
-31824.9996863528	-1318050.00512199
-31825.0010613965	-1317925.00204113
-31950.0009835082	-1317924.99862897
-31949.9991499876	-1317799.99557859
-32074.9995495113	-1317800.00198323
-32074.9991033701	-1317674.99885077
-32199.9997150737	-1317675.00409076
-32200.0006513673	-1317550.00087479
-32324.9991902436	-1317425.00175959
-32450.0002259726	-1317425.00466332
-32449.9993144964	-1317300.00138932
-32575.0005620705	-1317300.00312146
-32575.0010190718	-1317174.99976009
-32700.0001794765	-1317175.00037526
-32699.9997015429	-1317049.99698217
-32824.9990737881	-1317049.99642148
-32825.0002287463	-1316925.00391701
-32949.9998137645	-1316925.00217799
-33074.9995477891	-1316799.99574139
-33200.0001940155	-1316800.00291315
-33200.0011199413	-1316674.99900764
-33324.9996837774	-1316675.00505328
-33450.0008456338	-1316674.99917393
-33575.0005682161	-1316675.00344292
-33700.0005927002	-1316674.9958451
-33699.9997551596	-1316550.00198378
-33825.0002824517	-1316550.00417461
-33949.9990988433	-1316550.00553491
-34075.0005178188	-1316549.99496797
-34200.0005129884	-1316549.99454899
-34324.9990894766	-1316550.0042784
-34450.0002735004	-1316550.00207996
-34574.9997566145	-1316549.99905184
-34575.0003667596	-1316425.00319895
-34700.0000852016	-1316424.99897194
-34699.9997133894	-1316300.0030702
-34824.9996670526	-1316299.99764207
-34950.0005151502	-1316300.00229983
-34950.0007949307	-1316174.99499799
-35074.9995840749	-1316174.99851211
-35074.9991624892	-1316050.00213626
-35200.0004879327	-1316050.00438226
-35200.0010720599	-1315924.99691396
-35325.0003387724	-1315924.99801206
-35449.99972052	-1315800.00135416
-35574.9998415052	-1315800.00034405
-35575.0006314427	-1315675.0033653
-35700.0009934923	-1315675.00114011
-35824.9996784061	-1315674.99807927
-35950.0003015491	-1315549.99638224
-36075.0001538674	-1315550.00218162
-36200.0003313701	-1315549.99610404
-36324.9991430902	-1315550.00016807
-36450.0008821331	-1315550.0032693
-36450.00003767	-1315425.00449944
-36574.9994289441	-1315424.99546143
-36699.9997596799	-1315424.99650043
-36825.0007276917	-1315424.99663873
-36950.0000391281	-1315424.99594067
-37075.0003012332	-1315425.00531948
-37200.0008982556	-1315425.00282012
-37325.0010495117	-1315550.00062319
-37450.0010223197	-1315549.99672111
-37574.9996618354	-1315550.00296229
-37575.0009544073	-1315675.00503021
-37700.0003093336	-1315674.99973045
-37825.0006330573	-1315675.00450956
-37949.9990011508	-1315674.99747899
-38075.0006404092	-1315675.0004609
-38200.0006446666	-1315675.00261053
-38324.999015921	-1315675.00392839
-38325.000056882	-1315549.99969571
-38450.0010134505	-1315549.99970535
-38575.0003412588	-1315549.99888227
-38700.0003383717	-1315549.9971594
-38824.9987107198	-1315549.99460437
-38950.0003774371	-1315550.00205871
-39075.0000994265	-1315549.99770397
-39200.0008257985	-1315550.00342621
-39324.9996093539	-1315549.99733998
-39449.9994033701	-1315550.0013308
-39450.0012799581	-1315425.00507639
-39574.9987568341	-1315424.99690651
-39699.9995461599	-1315424.99874334
-39825.0010248854	-1315424.99967869
-39950.0008991574	-1315424.99978215
-40074.9991709749	-1315424.9990542
-40075.000747225	-1315300.00121757
-40199.999336437	-1315299.99923013
-40199.9998171155	-1315175.00129797
-40325.0010190349	-1315174.9979784
-40325.0003996402	-1315049.99994973
-40449.9996233426	-1315049.99543633
-40574.9998871921	-1315050.00099464
-40575.0000742904	-1314925.00243621
-40700.0003196334	-1314924.99575026
-40824.9993162884	-1314924.99920578
-40825.000300938	-1314800.00011267
-40949.9996209815	-1314800.00229711
-41074.9996526355	-1314800.0035743
-41074.9991313864	-1314675.00401323
-41199.9994883575	-1314675.00401585
-41325.0005609666	-1314675.00310981
-41325.0008196374	-1314550.0030046
-41449.9999251714	-1314550.00089261
-41574.999750369	-1314549.99787098
-41575.0007802378	-1314424.99721671
-41699.9989889444	-1314425.00396239
-41824.9998682716	-1314424.99874832
-41824.9993665464	-1314299.99761304
-41950.0009275365	-1314300.00208991
-41949.9992819831	-1314175.00084443
-42075.0011763228	-1314175.00403387
-42199.9988627056	-1314174.99548091
-42200.0006102536	-1314050.00457701
-42325.0009247293	-1314049.99465975
-42450.0000340999	-1314049.99487771
-42450.0002283606	-1313925.00348176
-42574.9996764263	-1313925.00240569
-42575.0006477729	-1313799.99984408
-42700.0004333949	-1313799.99747155
-42824.999025687	-1313800.00523245
-42825.0007195511	-1313675.00209768
-42949.9992948269	-1313674.99758309
-42950.000174871	-1313550.00530508
-43074.9990908048	-1313549.99948845
-43075.0007273873	-1313424.99603981
-43200.0003438369	-1313424.99989422
-43200.0007987605	-1313299.99632458
-43325.000756755	-1313299.99887216
-43325.000025738	-1313174.99518058
-43450.0003251827	-1313174.99641907
-43450.0010588372	-1313050.00350415
-43574.9994089777	-1313050.00350709
-43700.0008090046	-1313050.00250988
-43699.9995678718	-1312924.99810599
-43824.9990197058	-1312924.9958702
-43824.9992351059	-1312800.00223904
-43949.9990314014	-1312799.99868611
-43950.0003331286	-1312675.00485099
-44075.0004737925	-1312674.99997844
-44075.0001975399	-1312549.99503977
-44074.9995002314	-1312425.00134087
-44199.9995599729	-1312424.9947525
-44199.9999371885	-1312300.00084714
-44325.0007096876	-1312300.00390844
-44324.9994956176	-1312174.9988976
-44450.000611163	-1312175.00063124
-44450.000461108	-1312049.99541145
-44574.9996296468	-1312049.99589276
-44575.0009117836	-1311925.00143753
-44700.0004244468	-1311925.00058662
-44825.0007156607	-1311924.99880091
-44825.0003292379	-1311800.00381227
-44949.9993396524	-1311675.0055665
-44950.0011088752	-1311549.99957555
-45074.9993632314	-1311549.99479278
-45075.0002610202	-1311424.99963953
-45199.999237608	-1311425.00449013
-45200.0007939853	-1311299.99814543
-45325.0001155399	-1311300.00165228
-45325.0004143162	-1311174.99516852
-45450.0000807474	-1311174.99732935
-45575.000540014	-1311174.99854819
-45574.9995103582	-1311050.00249259
-45700.0003174898	-1311050.00236186
-45699.9999260902	-1310924.99511012
-45824.9991755772	-1310925.00468171
-45824.9997992164	-1310799.99720688
-45949.9993976879	-1310800.00542434
-45950.0010314336	-1310674.99772504
-46075.0009788014	-1310675.0045859
-46074.99904304	-1310549.9968216
-46199.9993392147	-1310550.00232382
-46325.0000545692	-1310549.99590379
-46324.9990494629	-1310424.99847386
-46450.0005034799	-1310425.00166557
-46574.9996223021	-1310299.99494033
-46950.0003725429	-1310174.99590066
-46949.9991254928	-1310049.99702375
-47074.9990911724	-1310050.00534596
-47199.9994847924	-1310050.00174145
-47200.0010357742	-1309925.00212552
-47324.9995011286	-1309924.99722838
-47324.9997358273	-1309799.99745653
-47449.9989568399	-1309800.00215599
-47450.0001568296	-1309675.00214444
-47574.9997380018	-1309675.00546428
-47699.9997509231	-1309674.99685408
-47824.9999279484	-1309549.99723939
-47949.9992514593	-1309549.99734537
-48074.9994124224	-1309549.99649363
-48074.9988231513	-1309424.99479888
-48199.9997543556	-1309425.00353278
-48325.0011241636	-1309425.00033411
-48325.0010044617	-1309299.99796114
-48450.0008634298	-1309300.00442883
-48574.9992191356	-1309174.99599174
-48700.000297232	-1309175.00010453
-48699.9992848484	-1309049.99688113
-48825.0007354199	-1309049.9995968
-48950.0007549542	-1309050.00143487
-48950.0001879524	-1308924.99752141
-49075.0005821316	-1308924.99795904
-49074.9990619158	-1308800.00484815
-49199.9998317033	-1308800.00388305
-49324.9991769601	-1308800.00203871
-49324.9999594811	-1308674.99717171
-49450.0000960939	-1308675.00489397
-49575.0006829219	-1308675.000677
-49574.9996023568	-1308549.99519419
-49700.0009846259	-1308550.0005402
-49825.0009529658	-1308550.00500524
-49949.9990905281	-1308549.99761711
-49950.000636059	-1308425.00186755
-50074.9995777134	-1308425.00403785
-50199.9993953261	-1308425.00523941
-50200.0009233437	-1308299.99780292
-50324.9988447412	-1308299.99767434
-50449.9999295476	-1308299.99648792
-50449.9999899478	-1308174.99939279
-50574.9991817592	-1308174.99687309
-50699.9996828482	-1308175.00435447
-50699.9997041264	-1308049.99556338
-50825.0005986777	-1308050.00161982
-50949.9996730317	-1308049.99582011
-51075.0003941861	-1307925.00101717
-51200.0011857575	-1307925.00378757
-51200.0000953881	-1307800.0045964
-51325.0008549975	-1307799.99496288
-51450.0006598565	-1307799.99541591
-51449.999929368	-1307674.99548706
-51575.0005677815	-1307675.0054769
-51699.9993944546	-1307675.00360853
-51824.9991254012	-1307675.00076397
-51950.0006629902	-1307549.9952553
-52074.9998621403	-1307550.00105573
-52074.999321937	-1307424.99917245
-52200.0012123182	-1307425.00343857
-52324.9990142662	-1307424.99593639
-52324.9992448123	-1307300.00427034
-52449.9997388628	-1307299.99523015
-52574.9993088695	-1307299.99627305
-52699.9997993564	-1307299.99633584
-52699.9998488319	-1307175.00344021
-52825.000755888	-1307175.00205137
-52950.0003060126	-1307174.99977334
-53075.0007826558	-1307174.99651392
-53075.0006385212	-1307050.00237827
-53199.9992547189	-1307049.99775546
-53324.9992490803	-1307050.00312146
-53449.9997294394	-1307049.99653347
-53574.999312823	-1307050.00002728
-53575.000734487	-1306925.0040697
-53700.0002964815	-1306924.99513034
-53824.998967894	-1306924.99627205
-53825.0006801694	-1306799.99953115
-53949.9997831641	-1306799.99920748
-54074.9998308888	-1306799.99789868
-54074.9995443414	-1306675.00046404
-54200.0000256119	-1306674.99768631
-54324.9996311856	-1306675.00498762
-54449.9997324609	-1306675.00033159
-54575.0007865037	-1306674.99468892
-54574.9997432579	-1306549.99548901
-54699.9994160479	-1306549.99943767
-54825.0000477406	-1306550.00239851
-54949.9993599744	-1306550.00446722
-54950.0003410906	-1306425.00387929
-55075.0000997128	-1306425.00446861
-55200.0008232764	-1306425.00406882
-55325.0002336374	-1306425.00277623
-55325.0009459742	-1306300.00088516
-55450.0008069488	-1306299.99810855
-55574.9998257017	-1306300.00540887
-55575.0007771395	-1306175.0027014
-55699.999783017	-1306174.99754394
-55825.0002327754	-1306175.0023652
-55824.9991349357	-1306049.998934
-55950.0000415992	-1306050.00226422
-56074.9996499316	-1306050.00469917
-56199.9997693713	-1306049.99517109
-56200.0011205848	-1305925.00128489
-56324.9998939363	-1305925.0013293
-56449.9996544843	-1305925.00037968
-56450.000744487	-1305799.99469038
-56574.9991645854	-1305800.00331015
-56700.000380737	-1305799.99986589
-56825.0003110742	-1305799.99552501
-56824.9992739311	-1305674.99955962
-56950.0001513361	-1305675.00468476
-57075.0007051088	-1305550.00103328
-57200.0007749323	-1305550.00375366
-57324.9990878951	-1305549.99460642
-57325.0007080109	-1305424.99684716
-57449.9999767016	-1305424.99715876
-57575.0002528477	-1305424.99647119
-57825.0004964457	-1305300.00362359
-57825.0001818401	-1305175.00425144
-57950.0001487176	-1305174.99963193
-58074.9993412609	-1305175.0050812
-58074.9991855165	-1305050.00484542
-58200.0006502303	-1305049.99770273
-58324.9990692708	-1305050.00072939
-58324.9990635054	-1304924.99962523
-58450.0002458714	-1304925.00102532
-58575.0003118094	-1304799.99954575
-58700.0007301465	-1304799.99851512
-58699.9992627508	-1304674.99628752
-58825.0006633582	-1304675.00469513
-58950.0003251691	-1304675.00122971
-58949.998983703	-1304549.99812211
-59074.9996321205	-1304550.00409145
-59074.9989537201	-1304425.00062749
-59200.0000941135	-1304425.00506022
-59200.0000738594	-1304300.00123859
-59324.9994297286	-1304300.00423575
-59325.0000629197	-1304175.00005513
-59449.9999108475	-1304175.00151112
-59449.9989165682	-1304049.99707397
-59574.9992564878	-1304049.99698653
-59700.0006425266	-1304049.99588607
-59700.0002402829	-1303925.00152302
-59824.9998455619	-1303924.99897968
-59825.0000816944	-1303800.00425266
-59825.0010051034	-1303674.99872735
-59950.0010517325	-1303675.00506766
-59950.0003295708	-1303549.99928163
-60075.0008702877	-1303550.00406907
-60075.0007731987	-1303424.99791661
-60199.9995330327	-1303425.00125375
-60200.0000563152	-1303299.99473354
-60324.9993103243	-1303299.99651326
-60325.000956779	-1303175.00059203
-60450.0007059468	-1303175.00081179
-60450.0006898308	-1303050.0046256
-60575.0009340926	-1303050.00328313
-60574.9987412295	-1302924.99586322
-60699.9999904329	-1302925.00392413
-60700.0006730057	-1302799.99602572
-60825.0001444559	-1302800.0026255
-60824.9996620273	-1302675.0054269
-60949.9991175822	-1302674.99948981
-60949.999228256	-1302550.00191597
-61074.9996931215	-1302550.00537495
-61074.9998777207	-1302424.99645693
-61074.9994668266	-1302299.99878186
-61199.9998479052	-1302300.00012034
-61200.0000179567	-1302175.00206748
-61325.0008939984	-1302175.00182836
-61324.999367572	-1302050.00350344
-61325.0012712284	-1301925.00523994
-61449.9997836354	-1301925.00297934
-61449.9999837444	-1301800.00444257
-61574.9989890971	-1301800.00059886
-61574.9997532487	-1301675.00168049
-61699.9992514833	-1301674.99625118
-61700.0005747609	-1301549.9969499
-61700.0007753452	-1301424.99792437
-61825.0006928857	-1301425.00132204
-61824.9991741605	-1301300.00202028
-61949.9995844995	-1301300.0038265
-62075.0010862573	-1301300.00459299
-62074.9995162578	-1301175.00435182
-62074.999087431	-1301050.00427833
-62200.0004831812	-1301050.0028942
-62200.00059193	-1300925.00243291
-62325.0002097511	-1300924.99955864
-62449.998654588	-1300924.99575011
-62449.9992181456	-1300800.00530875
-62575.0004293933	-1300799.9997891
-62575.0009923519	-1300674.9979894
-62575.0004153667	-1300549.99646609
-62699.9997711797	-1300549.99985786
-62699.9997130284	-1300424.99794176
-62824.9995637996	-1300424.99972562
-62825.0000195676	-1300299.99741543
-62950.0003652354	-1300299.9975889
-62949.9990607746	-1300174.99499319
-62949.9994090635	-1300050.00353068
-63074.9996334023	-1300050.00152817
-63074.9999524533	-1299924.99870265
-63200.0006694605	-1299924.99508382
-63199.9997499457	-1299800.00293699
-63325.0009606149	-1299799.9976995
-63325.0005345772	-1299675.00515363
-63449.9999704864	-1299674.99840574
-63450.0000332305	-1299550.00545954
-63574.9999629001	-1299549.99708845
-63575.0005095109	-1299425.00374063
-63699.9992025292	-1299425.00482102
-63699.9996907389	-1299300.0001043
-63824.99887872	-1299299.99955688
-63825.0003788076	-1299175.00540192
-63950.0000627474	-1299175.00322414
-63949.9992251301	-1299049.99780949
-64074.9995709912	-1298924.99914373
-64075.0008348672	-1298800.00445396
-64200.0008726961	-1298799.99843499
-64200.0003271516	-1298675.00344929
-64200.0003332478	-1298549.99766347
-64325.0007658292	-1298550.00039702
-64324.9994977946	-1298425.00527991
-64325.0010431836	-1298299.99925038
-64449.99905715	-1298299.99987852
-64449.9993224963	-1298175.00451641
-64575.0000939299	-1298175.00338651
-64575.0002515401	-1298049.99664738
-64574.9997737847	-1297925.00115144
-64700.0003839749	-1297924.99779552
-64700.0003366996	-1297800.00188672
-64824.9991710879	-1297799.99699226
-64824.9995495984	-1297675.00066934
-64949.9994222522	-1297675.00508626
-64949.9996728189	-1297549.99738282
-65075.0000359719	-1297550.00014343
-65075.001251366	-1297425.0029884
-65199.9998415809	-1297425.00420397
-65200.0009172132	-1297299.995666
-65324.999998034	-1297299.99522072
-65324.9997671001	-1297174.99734248
-65449.9993395255	-1297174.99523404
-65449.9995105196	-1297049.99693547
-65575.0001288391	-1297050.00412612
-65575.000696902	-1296925.00540592
-65574.9995094283	-1296799.99599962
-65699.9999502478	-1296800.00093523
-65699.9997069578	-1296675.00207084
-65825.0006392725	-1296675.00533475
-65825.000224193	-1296549.99508174
-65949.9993839888	-1296549.99678662
-66074.9997115884	-1296549.99740555
-66074.9995571005	-1296424.99710147
-66200.0003783584	-1296424.99604283
-66200.0005970325	-1296299.99531097
-66325.0007976071	-1296175.00249138
-66699.9991875713	-1295800.00072724
-66699.9996275231	-1295674.99855098
-66699.9988435311	-1295549.99665421
-66824.9990599947	-1295549.99705842
-66824.9986201393	-1295424.9947277
-66949.9998947477	-1295425.00440168
-67074.9995292165	-1295425.0021315
-67075.0009946637	-1295299.99864925
-67199.9988621386	-1295299.99479868
-67199.9989681399	-1295175.00195955
-67324.9995910746	-1295174.99629191
-67449.9997169503	-1295175.00060573
-67449.9988830875	-1295049.99576138
-67574.9995070265	-1295049.99837174
-67574.9995660634	-1294925.00404952
-67700.0006890716	-1294925.00495388
-67700.0004919043	-1294799.99922554
-67824.9998530235	-1294799.99853984
-67825.0005413725	-1294675.00333095
-67950.0004016778	-1294675.0009347
-67950.0013974555	-1294550.00528057
-68074.9994974803	-1294550.0012901
-68075.0007959941	-1294425.00518947
-68199.9993953246	-1294424.99948392
-68325.0000902496	-1294299.9955124
-68450.0009795926	-1294299.99794396
-68449.999898377	-1294175.00045421
-68574.9990323831	-1294175.00128414
-68699.9993835302	-1294175.00100448
-68700.0001339278	-1294050.00232981
-68825.0009907239	-1294050.00032522
-68950.000810172	-1294049.99732975
-68949.998866034	-1293924.99770535
-69074.9997785853	-1293925.00394441
-69199.9990738892	-1293924.99822914
-69199.9989435147	-1293799.99740972
-69324.9993363136	-1293800.00092523
-69324.999471575	-1293674.9996471
-69450.0003765913	-1293675.00142827
-69450.0007725802	-1293549.99969018
-69574.9999320951	-1293549.99985595
-69700.0003271403	-1293549.99890574
-69700.0002559785	-1293424.99608353
-69824.9994997553	-1293425.00447716
-69949.9993923869	-1293425.00079137
-69949.9988455068	-1293299.99688041
-70074.9998487174	-1293300.00241304
-70074.9995441302	-1293174.99803605
-70200.0010660853	-1293175.00182243
-70324.9993218192	-1293175.00473402
-70450.0004871999	-1293174.99544109
-70449.9995596617	-1293050.00030067
-70574.9995884549	-1293050.00034178
-70700.0008711182	-1293049.99926155
-70699.9994438474	-1292925.00301842
-70824.9989962422	-1292925.00030734
-70825.0000484235	-1292800.00346726
-70950.0001273028	-1292799.99899945
-71074.9998124409	-1292800.0044933
-71074.9997464082	-1292674.99558159
-71199.9999613727	-1292674.99931521
-71200.000708993	-1292550.00088779
-71324.999198871	-1292550.00298313
-71325.0001528198	-1292425.00407726
-71324.9997920542	-1292300.00545495
-71324.9997668115	-1292174.99603045
-71324.9990314033	-1292049.99785079
-71324.9992356877	-1291924.99983017
-71199.9999450019	-1291925.00117114
-71199.9995821712	-1291800.00407147
-71199.9995561143	-1291674.99616969
-71200.001074535	-1291549.99938826
-71325.0003664995	-1291549.99601026
-71324.999815495	-1291424.99887467
-71325.0002017983	-1291300.00189806
-71324.9992712324	-1291175.00520489
-71325.0009248641	-1291049.99758514
-71324.9996131645	-1290925.00133436
-71449.9992354886	-1290925.00446386
-71449.9997394904	-1290799.99664778
-71449.9995298386	-1290675.00007618
-71450.0002523038	-1290550.00366337
-71325.000683127	-1290550.00257454
-71325.0002517052	-1290424.99612294
-71324.9991074704	-1290300.00091563
-71200.0001062129	-1290300.00008082
-71200.0000675562	-1290174.99470898
-71074.9992142672	-1290175.00457224
-71075.0008912322	-1290049.99999588
-71074.9990015911	-1289924.99582668
-70950.0003749941	-1289924.99485055
-70950.0008099505	-1289800.00243657
-70824.9997309013	-1289800.00119104
-70824.9990378595	-1289674.99873307
-70824.9992845625	-1289549.99643429
-70699.9987965796	-1289549.99542576
-70700.001375949	-1289425.00488035
-70575.0006906729	-1289425.00347248
-70574.999904192	-1289300.00300387
-70575.0000606827	-1289175.00269459
-70449.9999772963	-1289175.00151536
-70449.9996258722	-1289050.00211929
-70450.0002187071	-1288925.00288261
-70449.9995057685	-1288800.00392826
-70325.0008361373	-1288800.0036027
-70324.9996237471	-1288675.00556017
-70324.9987584704	-1288549.99671609
-70324.9994360348	-1288424.99899245
-70325.0010576269	-1288300.00142823
-70200.0001378646	-1288300.00282315
-70200.0006728613	-1288174.99520869
-70200.0005023725	-1288049.99883722
-70075.0002232779	-1288050.0004428
-70074.9995702611	-1287925.00498063
-70074.9992678482	-1287799.99871702
-70075.0005082036	-1287675.00357393
-69949.9988594333	-1287674.99517288
-69949.9996254468	-1287550.00093794
-69950.0007435929	-1287424.99590164
-69950.0011574879	-1287300.00210797
-69824.9987567505	-1287299.99465392
-69825.0009515295	-1287175.00164517
-69824.9990073153	-1287049.99807885
-69825.0002576304	-1286924.99455033
-69699.9999660653	-1286924.99887502
-69700.0007597497	-1286799.9962521
-69700.0008507936	-1286675.00487147
-69575.0006526093	-1286674.99842312
-69574.9997000045	-1286549.99698573
-69574.9996983949	-1286424.99570813
-69575.0006471299	-1286299.99459031
-69575.0008936814	-1286175.00471456
-69574.9992522623	-1286050.00415909
-69699.9990928287	-1286049.996289
-69699.9997873176	-1285924.99514882
-69699.9997778371	-1285800.00525065
-69700.0001200626	-1285675.00455134
-69699.999163733	-1285550.00413328
-69824.9996478902	-1285550.00341791
-69825.001013545	-1285425.00241355
-69825.0010776246	-1285300.00169055
-69700.0000852351	-1285300.00377592
-69699.9997187103	-1285175.00395823
-69575.000846859	-1285175.00547123
-69574.9994606661	-1285049.9955969
-69574.9996132039	-1284924.99684286
-69449.9992533605	-1284924.99864583
-69449.9989861838	-1284800.00079458
-69449.9996656525	-1284675.003103
-69450.0006985231	-1284549.9946105
-69324.9997420325	-1284549.99731908
-69325.0009559668	-1284425.00068883
-69325.0008756573	-1284300.00433931
-69324.9989094095	-1284174.99730992
-69199.9996179002	-1284175.00079563
-69200.0000818086	-1284050.00550611
-69200.0009033258	-1283924.99941578
-69200.0010225816	-1283800.00456661
-69324.9998722243	-1283799.99910123
-69325.0000406223	-1283675.0037922
-69449.9992361065	-1283674.9964967
-69575.0002718371	-1283674.99895077
-69574.9995841322	-1283550.00255885
-69700.0009699104	-1283550.00317888
-69699.9997242608	-1283424.99536321
-69824.9998152767	-1283425.00522888
-69825.0008408821	-1283299.99682672
-69950.0012832054	-1283300.00485356
-69950.0000953788	-1283174.99610742
-70075.0008889719	-1283175.00229321
-70075.0003213967	-1283050.00404001
-70200.0008676285	-1283049.99742225
-70200.0003179289	-1282924.99870066
-70200.0006939209	-1282800.000138
-70074.9991334735	-1282799.99717302
-70074.9991109084	-1282674.99951921
-70075.0000153217	-1282550.00202439
-69949.9993097175	-1282549.99921459
-69949.999821878	-1282425.00262739
-69824.9990567156	-1282424.9993428
-69824.9991812066	-1282300.00366191
-69824.9996390437	-1282174.99718019
-69824.9993856384	-1282050.00193945
-69700.0004138801	-1282049.9994258
-69699.9997812683	-1281925.00509
-69699.9994839696	-1281799.99995343
-69700.000117184	-1281674.99497607
-69700.0000396124	-1281550.00123945
-69574.9993434537	-1281550.00035573
-69575.0005387327	-1281424.99644141
-69575.0010239975	-1281300.00376768
-69450.0012245711	-1281300.0030176
-69450.0007534355	-1281175.00028637
-69449.9989793192	-1281049.99783566
-69325.0000853891	-1281049.99721418
-69325.0001923196	-1280924.99554346
-69324.999591213	-1280800.00511304
-69199.9993739893	-1280800.00473644
-69200.0000668523	-1280675.00412505
-69199.9994601833	-1280550.00379389
-69075.0001642826	-1280550.00353634
-69074.9992158513	-1280425.00410371
-69074.9992045932	-1280300.00483059
-68950.0008377097	-1280300.00468733
-68949.9999006921	-1280174.99535155
-68950.0004923803	-1280049.99713534
-68949.9997879867	-1279924.99919902
-68950.0000211865	-1279800.00142224
-68825.0000607505	-1279800.0028614
-68824.9993796522	-1279674.99502073
-68825.0002268389	-1279549.9982996
-68824.9997792365	-1279425.00185819
-68699.9995175448	-1279425.0041345
-68700.0003980234	-1279299.99750794
-68700.000573942	-1279175.00212088
-68699.998868126	-1279049.99605349
-68575.0005589274	-1279049.99903975
-68575.0013661764	-1278925.00470587
-68450.0002298745	-1278924.99632917
-68450.0007337357	-1278800.00288754
-68449.9993617123	-1278674.99876526
-68324.9997971107	-1278675.00143461
-68325.0003609425	-1278549.99808387
-68324.9996372065	-1278424.99501227
-68325.0004427624	-1278300.00306042
-68324.9993745722	-1278175.00042778
-68200.0005694894	-1278175.00451901
-68199.9992160648	-1278050.00277588
-68074.9998321037	-1278049.99537196
-67950.0000331167	-1278049.99778196
-67949.9994044441	-1277924.99753531
-67824.9996093024	-1277924.99940618
-67825.0009371693	-1277799.99992693
-67700.0011465574	-1277800.00125637
-67699.9999749645	-1277675.00277998
-68199.9987819698	-1277549.99764049
-68324.9998270732	-1277550.0010987
-68324.9999467135	-1277424.9996634
-68449.9989853273	-1277425.00135914
-68574.9992631241	-1277425.00178376
-68575.0005196784	-1277299.99916392
-68699.9987934505	-1277299.99782297
-68825.0005397917	-1277299.99508961
-68949.9988018055	-1277174.99797749
-69075.0003875002	-1277175.00316081
-69200.0004017952	-1277174.99623132
-69325.0000332237	-1277174.99910796
-69450.0009201617	-1277175.00071054
-69575.0008355305	-1277175.0011602
-69699.9997813403	-1277175.00045729
-69700.0010152498	-1277050.00318555
-69825.000205086	-1277050.00058438
-69950.0006585308	-1277049.99670782
-69950.0007654501	-1276924.9983452
-70074.9998376949	-1276925.00364774
-70199.9995772983	-1276924.9967148
-70324.9989614808	-1276924.99958641
-70449.9996195103	-1276925.00118114
-70450.0010055801	-1276800.00021929
-70574.9996900272	-1276800.00002906
-70699.9996523994	-1276799.99856075
-70825.0008947079	-1276799.99581406
-70825.0007172468	-1276675.00407258
-70949.9999915772	-1276674.99953687
-71075.0011599902	-1276675.00467988
-71074.9992154284	-1276550.00086837
-71200.0006474616	-1276550.00409512
-71325.0005294568	-1276549.99520686
-71325.0002569452	-1276425.00111297
-71450.0010170808	-1276425.00126305
-71575.0008437413	-1276425.00025551
-71699.9997389386	-1276424.99809071
-71825.0008865374	-1276299.9978953
-71949.9997437815	-1276300.00360572
-72074.9990531979	-1276174.99919576
-72199.9994919166	-1276175.00169328
-72325.0012392608	-1276175.00290554
-72449.9998425488	-1276175.00308514
-72449.999609317	-1276050.00329694
-72575.0007222704	-1276050.00141605
-72700.0009228096	-1276049.99837527
-72699.9994820865	-1275924.99744491
-72825.0005926039	-1275925.00342385
-72950.0001706705	-1275924.99728474
-72949.9997406008	-1275799.99508044
-73075.0002331012	-1275799.99795736
-73199.9998239189	-1275799.9996727
-73200.0003953051	-1275674.99618912
-73325.0002774105	-1275674.9959596
-73449.9998930033	-1275675.00552469
-73449.9992303926	-1275550.00088471
-73575.0007359811	-1275549.99741615
-73699.9997553004	-1275550.00386947
-73700.0000759093	-1275424.99794002
-73824.9993932307	-1275425.00244142
-73949.9994146617	-1275424.99469302
-74075.0000754991	-1275299.99980712
-74200.0001498928	-1275299.99989441
-74324.9993439433	-1275299.99881676
-74324.9989733958	-1275175.00071381
-74450.000698703	-1275174.99754597
-74450.000102655	-1275049.99893252
-74575.0005488013	-1275050.00488802
-74699.9994814482	-1275049.9987203
-74699.9998346396	-1274924.99879686
-74824.9997181882	-1274925.00161903
-74950.0009595783	-1274925.0031426
-74950.0000276563	-1274800.00203468
-75074.9993562334	-1274800.00171909
-75200.0000467323	-1274800.00010366
-75200.0000458261	-1274674.9976756
-75324.9994734106	-1274675.00517373
-75449.9996206465	-1274675.00041486
-75450.0005415679	-1274549.99666136
-75574.9994305723	-1274550.00101275
-75699.9996917981	-1274550.00406171
-75825.0006754914	-1274549.99485233
-75949.9992371017	-1274549.99556062
-75949.9996177712	-1274425.00007423
-76075.0007304382	-1274424.99866678
-76199.998774845	-1274424.99622098
-76200.000057538	-1274299.99939371
-76325.0006550466	-1274299.99482815
-76450.0010701266	-1274300.00004566
-76450.0010215875	-1274175.00200565
-76574.9995460917	-1274175.0053663
-76699.9988017691	-1274174.99646538
-76699.999637261	-1274049.99707436
-76824.9998868591	-1274049.99713448
-76949.9993075226	-1274049.99602069
-76949.9987942273	-1273924.99540768
-77074.9992154861	-1273925.00325126
-77200.0003738103	-1273924.9988305
-77325.0013744397	-1273925.00418961
-77325.0006661549	-1273800.00152373
-77449.9997879309	-1273800.00501546
-77574.999649586	-1273799.99624191
-77575.0004633311	-1273675.00316179
-77699.9991157534	-1273675.00347226
-77824.9991792706	-1273675.00247073
-77825.0001715306	-1273549.99706203
-77950.0012544056	-1273550.00500507
-78075.0008602853	-1273550.00081632
-78075.0011378707	-1273425.00511878
-78199.9988734206	-1273424.99905334
-78325.0009245306	-1273425.00249076
-78324.9998095123	-1273300.00554562
-78449.9993198748	-1273299.99614883
-78574.9987072103	-1273299.99652688
-78699.999522035	-1273299.99558869
-78825.0002221377	-1273300.00442528
-78825.0000134354	-1273175.00454428
-78950.0003998219	-1273175.0004042
-79074.9999976797	-1273174.99508426
-79199.9994904029	-1273174.99953836
-79325.0004228675	-1273175.00267465
-79450.0005749734	-1273175.00463146
-79450.0001870998	-1273050.00108325
-79575.0007136523	-1273050.00101005
-79700.0004641448	-1273049.99975653
-79824.9994405885	-1273049.99732299
-79950.0005547616	-1273050.00452336
-80700.0001080597	-1272925.00017407
-80824.9992626642	-1272924.9981148
-80825.0003066658	-1272799.99722855
-80950.0005557136	-1272800.00407636
-81074.9993579959	-1272799.99879064
-81200.0003312129	-1272800.00313507
-81200.0010668207	-1272675.00008142
-81325.0002232157	-1272675.00251713
-81450.0008580432	-1272675.00362912
-81575.0007520767	-1272675.00355941
-81699.9992487862	-1272549.9963451
-81824.999519519	-1272550.00398989
-81950.0005736375	-1272549.99935727
-82075.0006080412	-1272424.99633834
-82199.9998330661	-1272424.9995574
-82325.000552856	-1272425.00144982
-82325.0009970221	-1272300.0027801
-82449.9999174002	-1272300.00275142
-82575.0003366246	-1272300.0013948
-82700.0000361202	-1272299.99885421
-82824.9990178959	-1272299.99512995
-82950.0002185397	-1272300.00102893
-82950.0003743782	-1272174.99851935
-83074.9997869706	-1272175.00249105
-83200.000710658	-1272175.00513316
-83325.000209805	-1272174.99563958
-83449.9997199071	-1272174.99591299
-83575.0007471287	-1272174.9948566
-83699.9995732444	-1272175.00371316
-83824.9992010726	-1272175.00028903
-83950.0003520443	-1272174.99553487
-84074.9993111483	-1272175.00069455
-84199.9997995539	-1272175.0045242
-84324.998873054	-1272174.99622004
-84450.0002046515	-1272174.99753623
-84575.0008512102	-1272174.99766935
-84700.0008147373	-1272174.99661968
-84825.0008273764	-1272175.00533784
-84949.999431935	-1272175.00192338
-85074.9995798477	-1272174.99717851
-85074.999078571	-1272050.00289794
-85199.9996989291	-1272049.99605954
-85325.000381069	-1272049.99898791
-85450.000394649	-1272050.00073316
-85574.999741676	-1272050.00129559
-85700.0006443034	-1272050.00052589
-85825.0008843922	-1272049.9985735
-85950.0004639488	-1272049.99543869
-86075.0001259007	-1272050.00207133
-86200.0006116324	-1272049.99642201
-86324.9989657694	-1272050.00069078
-86450.0011098367	-1272050.00347636
-86575.0003854025	-1272050.005231
-86700.0004884917	-1272049.99470376
-86824.9992196423	-1272050.00504506
-86950.0010024749	-1272050.00295285
-87074.9999248328	-1272049.99983126
-87200.000429015	-1272049.99537682
-87200.0008005335	-1271924.99786898
-87325.000350222	-1271925.00240053
-87450.0007351834	-1271924.99464898
-87574.9990220438	-1271924.99681726
-87699.9989009638	-1271924.99765132
-87825.0003739484	-1271924.99715079
-87825.0003909226	-1271799.9955632
-87950.0009262162	-1271800.00404196
-88075.0000838869	-1271800.00038995
-88199.9986219998	-1271799.995556
-88324.9995226138	-1271800.00033444
-88449.9998098235	-1271800.00393089
-88574.998723151	-1271799.99539752
-88700.0000082092	-1271799.99647605
-88825.000685881	-1271799.99637296
-88950.0007581725	-1271799.99508851
-88949.9991017746	-1271674.99700376
-89075.0004871982	-1271675.00453282
-89200.000505769	-1271674.99993176
-89325.0006942465	-1271675.00509632
-89449.9995177401	-1271674.99813143
-89575.0007367858	-1271675.0007762
-89699.9991454204	-1271675.00239573
-89700.0004677789	-1271549.99902961
-89824.9994363789	-1271549.99850646
-89950.0000376325	-1271549.99664403
-89950.0005041535	-1271425.00276097
-90074.999449456	-1271424.9989091
-90200.0008081203	-1271425.00466362
-90325.0008109109	-1271424.99828762
-90325.0007866384	-1271300.00196916
-90449.9999171208	-1271300.00454658
-90574.9999126501	-1271299.99483506
-90700.0001151537	-1271299.99488619
-90699.9995878859	-1271174.99612149
-90825.0011470046	-1271175.00496309
-90825.0000384176	-1271050.00553075
-90949.9991725503	-1271050.00142572
-91074.9999598064	-1271049.9959758
-91074.9994049074	-1270924.99489995
-91199.9993362423	-1270924.9983932
-91325.0009269237	-1270925.00054004
-91449.9997425913	-1270925.00165928
-91450.0008706601	-1270799.99795567
-91575.0002701115	-1270799.99690792
-91699.9991170309	-1270799.99467246
-91825.000422316	-1270800.00203522
-91950.0003892207	-1270799.99726431
-92075.0006026787	-1270800.00225182
-92199.9994796223	-1270799.99510632
-92325.0008272354	-1270799.99755844
-92449.9994185207	-1270799.99898472
-92574.999691413	-1270799.99906289
-92574.9990225579	-1270674.99854256
-92699.9999004388	-1270674.99644156
-92825.0010458339	-1270675.00409795
-92950.0008626713	-1270674.99962129
-93075.000953174	-1270675.00490236
-93075.0008560759	-1270550.00087343
-93199.9993431387	-1270550.0041319
-93324.998722185	-1270549.99509442
-93450.0006020173	-1270549.9956506
-93574.9997467198	-1270549.99518163
-93700.0014005012	-1270550.00430608
-93700.0007789596	-1270424.99590839
-93825.0008406985	-1270425.0030038
-93949.9995839121	-1270424.99796573
-94075.0004394856	-1270300.00252108
-94200.0001149875	-1270300.00504162
-94325.0006920683	-1270299.99526358
-94449.9993627943	-1270299.99540495
-94449.9991665624	-1270175.00379457
-94575.000690968	-1270175.00156892
-94699.9995019478	-1270174.99831775
-94825.0008522758	-1270175.00465492
-94950.0008941067	-1270174.99885773
-95075.0012645613	-1270175.00281427
-95200.0003283843	-1270174.99463708
-95200.0007047372	-1270049.99757075
-95324.9990213536	-1270049.99829301
-95449.9990725282	-1270049.99765814
-95574.9986436089	-1270049.99583253
-95575.0006067393	-1269924.99600992
-95699.9994409365	-1269925.00307902
-95824.9991921686	-1269924.99784614
-95824.9993820824	-1269799.9964503
-95950.000617387	-1269799.99994141
-96074.9991671183	-1269800.00240734
-96199.9994657177	-1269800.00351316
-96324.9992989682	-1269800.00342659
-96450.0008850927	-1269800.00197953
-96574.9997936558	-1269799.99950866
-96700.0004590981	-1269799.99567732
-96824.9992853811	-1269800.0017657
-96825.0008744077	-1269675.00386941
-96949.9995439026	-1269674.9967852
-97075.0008129795	-1269674.99928153
-97199.9994171615	-1269675.00075468
-97324.9997904534	-1269675.00086583
-97449.9997188555	-1269674.99978461
-97574.9992043711	-1269674.99751127
-97700.0013069782	-1269675.00481754
-97700.0001009854	-1269550.00061578
-97824.999839009	-1269549.9949107
-97949.9999846452	-1269549.99895455
-98074.9996978386	-1269550.00180557
-98200.0011963745	-1269550.00329259
-98325.0000506895	-1269550.00375841
-98325.0004165987	-1269424.99478909
-98450.000823212	-1269425.00394942
-98574.9999581927	-1269425.0009748
-98574.9993428476	-1269300.0013231
-98699.9991849344	-1269299.9960979
-98700.0000356371	-1269174.99553197
-98824.9992216459	-1269174.99916712
-98824.9993182573	-1269049.99785789
-98949.9992138228	-1269049.99923745
-99075.0009111934	-1269049.99924749
-99074.9991565948	-1268924.99630528
-99200.0002062325	-1268925.00516978
-99199.9999004924	-1268800.00130786
-99325.0008077461	-1268799.99696954
-99449.9999515606	-1268800.00254662
-99449.9999934926	-1268674.9968713
-99574.9998539165	-1268675.00018302
-99699.9993142715	-1268675.00229513
-99699.999695014	-1268549.99480128
-99824.9998742821	-1268549.99464427
-99950.0005197761	-1268550.00422692
-99949.9990164305	-1268424.99508387
-100075.000385366	-1268425.00239366
-100200.000500754	-1268424.99756153
-100325.001091965	-1268425.00246798
-100324.999674475	-1268300.00153669
-100450.000994801	-1268300.00416542
-100574.998850981	-1268299.99482721
-100575.000827294	-1268175.00282426
-100700.000282631	-1268175.00214461
-100824.99935924	-1268175.00026173
-100824.998558397	-1268049.99565344
-100949.999239849	-1268050.00242527
-101074.998677044	-1268049.99705322
-101074.999043147	-1267925.00153818
-101200.00009079	-1267925.00481679
-101199.998764269	-1267799.99759686
-101325.000550396	-1267799.99858417
-101449.999758106	-1267799.99854183
-101449.999585899	-1267675.00040737
-101574.99953569	-1267674.99807031
-101700.000001675	-1267675.00546487
-101700.000101803	-1267550.00547144
-101825.000435665	-1267549.99962849
-101950.001292247	-1267550.00351592
-101949.999443483	-1267425.00183637
-102075.001048989	-1267425.00342156
-102200.000091775	-1267425.00397555
-102200.000709636	-1267300.0002489
-102325.000503871	-1267299.99849709
-102449.999951758	-1267299.99553511
-102449.999487735	-1267175.00105135
-102574.999690452	-1267174.99577993
-102700.000437618	-1267175.00023542
-102700.000212682	-1267050.00387253
-102824.998620142	-1267049.99525604
-102949.999789999	-1267049.99618598
-102949.999795217	-1266924.99793888
-103074.999515551	-1266924.99673152
-103199.999795536	-1266925.00524885
-103200.000022151	-1266800.00511242
-103325.000176456	-1266800.00037137
-103324.999524012	-1266674.99944953
-103450.001335807	-1266675.00332293
-103574.999719931	-1266674.99522412
-103575.000167228	-1266550.00334295
-103700.000214672	-1266550.00385496
-103700.00108717	-1266425.00006651
-103824.999693274	-1266424.99843038
-103950.000193742	-1266424.99539582
-103949.999943045	-1266300.00082129
-104074.999005775	-1266299.99563537
-104200.000866917	-1266299.99998645
-104200.000799011	-1266175.00350244
-104325.000326049	-1266174.9947618
-104324.999349645	-1266049.99748306
-104450.000553882	-1266049.99734021
-104574.999245526	-1266049.99615933
-104575.000645593	-1265924.99678118
-104700.00102143	-1265925.00419412
-104825.000195204	-1265924.99944931
-104824.999543775	-1265799.99833169
-104950.000406288	-1265800.00217693
-104950.001036595	-1265675.00007562
-105075.000474324	-1265675.00175507
-105075.000172261	-1265549.99885197
-105200.000394458	-1265549.99818013
-105200.000064316	-1265425.00541019
-105325.001072066	-1265425.00238446
-105449.99958596	-1265424.99831699
-105449.999386023	-1265300.00361235
-105574.998688004	-1265299.99718763
-105574.999748423	-1265175.00149234
-105700.00075213	-1265175.00364323
-105825.001479311	-1265175.00456625
-105949.998841718	-1265049.99492185
-106075.001005182	-1265050.00318777
-106199.999774631	-1265049.99947487
-106199.999911797	-1264924.99893575
-106325.000397898	-1264925.00378955
-106449.999699979	-1264924.99647874
-106450.00085205	-1264800.00491967
-106574.998747515	-1264799.99542257
-106699.999511319	-1264799.99544401
-106825.000941191	-1264800.0051697
-106825.000113333	-1264674.99975629
-106949.999220111	-1264674.99635654
-107075.000454067	-1264549.99509255
-107199.998837817	-1264549.99920222
-107200.000227367	-1264425.00174733
-107324.999423852	-1264425.00347374
-107450.000582742	-1264425.00377937
-107449.999826964	-1264300.00453662
-107574.99959407	-1264300.00264272
-107699.999121043	-1264299.99951449
-107825.000616503	-1264299.99496391
-107950.000602772	-1264300.00030116
-108075.000357054	-1264300.00440443
-108075.000615076	-1264174.99989635
-108200.001195869	-1264175.00160514
-108324.999342574	-1264175.00226792
-108449.999469989	-1264175.00150697
-108574.999373714	-1264174.99951131
-108575.00051259	-1264050.00180497
-108699.99904464	-1264049.99759829
-108825.000504741	-1264050.00289942
-108824.999465998	-1263925.00337997
-108949.998616777	-1263924.9955337
-109075.000701927	-1263924.99719348
-109074.999682842	-1263799.99566641
-109200.000403632	-1263799.99510841
-109324.999655764	-1263800.00443615
-109449.999962337	-1263800.0014029
-109575.000064264	-1263799.99713224
-109574.999900222	-1263675.00236642
-109699.998646224	-1263674.99587301
-109825.000347525	-1263674.99888213
-109949.999647095	-1263675.00084459
-110075.000957989	-1263675.00137701
-110199.999871148	-1263675.00086356
-110200.000655082	-1263550.00072365
-110325.00042953	-1263549.99778874
-110450.000971648	-1263550.00454677
-110575.000373353	-1263549.99913416
-110574.999988339	-1263424.99596497
-110699.999008681	-1263424.99925081
-110825.000054654	-1263425.00110365
-110950.000923161	-1263425.00171663
-111074.999411108	-1263425.00128378
-111199.999930679	-1263424.99941777
-111199.999219348	-1263300.00194888
-111325.000617375	-1263299.99764892
-111450.000605705	-1263300.00323385
-111574.999463588	-1263299.99664762
-111699.99912279	-1263299.99975234
-111825.000825834	-1263300.00142199
-111950.000164968	-1263300.00204685
-112074.999347065	-1263300.00143214
-112200.000578994	-1263299.99938219
-112200.000482745	-1263175.00416974
-112325.000407926	-1263174.9998706
-112450.001155394	-1263175.00526116
-112575.00078216	-1263174.99848098
-112699.999032696	-1263175.00158733
-112824.999345284	-1263175.00325695
-112949.99951726	-1263175.00368647
-113074.999550623	-1263175.00287604
-113075.000242756	-1263049.9999265
-113199.998985886	-1263049.99685871
-113325.000779775	-1263050.00328204
-113449.999257346	-1263049.9977328
-113575.000791814	-1263050.00167437
-113699.999995664	-1263050.00457358
-113825.000294839	-1263049.99510473
-113824.999487121	-1262924.99670651
-113949.999494988	-1262924.99590214
-114075.000370139	-1262925.00478536
-114200.000141304	-1262925.00149832
-114324.999796574	-1262924.99697022
-114324.999790537	-1262800.00513868
-114450.000383089	-1262799.99814098
-114574.9996516	-1262800.00102958
-114700.001016659	-1262800.00247618
-114825.000072256	-1262800.00288108
-114824.9988747	-1262674.99573874
-114949.999870771	-1262675.00459631
-115074.999771884	-1262675.00128272
-115199.999573831	-1262674.99672646
-115325.000276699	-1262675.0018556
-115449.999887373	-1262674.99481433
-115575.000405105	-1262674.99745857
-115700.000833796	-1262674.99886053
-115824.99897166	-1262674.99922251
-115825.001552129	-1262550.00476864
-115950.000656349	-1262550.00264375
-116074.999677821	-1262549.99927599
-116074.999932507	-1262425.00287551
-116199.999922667	-1262424.99701723
-116325.000841246	-1262425.00084201
-116449.99948217	-1262425.00362594
-116450.000653643	-1262300.00382116
-116575.000270347	-1262300.00410958
-116699.999817041	-1262300.00315316
-116700.000846984	-1262175.00118692
-116824.999168881	-1262174.997935
-116950.000640403	-1262175.00415995
-117074.99883394	-1262174.9984167
-117200.000183238	-1262175.00214997
-117199.998746438	-1262049.99591005
-117324.998880339	-1262049.99734237
-117449.998958958	-1262049.99752801
-117574.99898429	-1262049.99646711
-117574.999446466	-1261924.99771458
-117700.001484084	-1261925.00506901
-117825.000252247	-1261925.00045533
-117825.000543878	-1261799.99951887
-117950.001329123	-1261800.00331683
-118074.998847184	-1261799.99514659
-118199.999548257	-1261799.99644765
-118199.999523106	-1261675.00318443
-118325.001227907	-1261675.00196609
-118450.000694415	-1261674.99970476
-118575.000126661	-1261674.99619427
-118575.000954678	-1261549.99946096
-118700.000221632	-1261550.00455849
-118825.000633571	-1261549.99727357
-118949.999845809	-1261549.99987088
-119074.999034214	-1261550.00121832
-119074.999541465	-1261424.99993152
-119199.999747862	-1261424.99874864
-119324.999934723	-1261424.99631471
-119450.001138524	-1261425.00355425
-119450.00027221	-1261299.99897858
-119575.000299504	-1261300.00389125
-119699.999278972	-1261299.99662784
-119825.000272887	-1261175.00187678
-119949.999108545	-1261175.00195475
-120075.000140559	-1261175.00057061
-120075.000899856	-1261050.00118125
-120200.000764067	-1261049.99746251
-120324.999469112	-1261050.00362363
-120324.99999126	-1260925.00200011
-120449.998691	-1260924.99469008
-120575.000639796	-1260924.99683847
-120700.000395786	-1260924.99794247
-120825.000161691	-1260924.99779199
-120949.999939504	-1260924.99638715
-121075.000780051	-1260925.00465106
-121074.998586719	-1260799.99622567
-121200.000479232	-1260800.00193306
-121324.999140496	-1260799.99567378
-121449.998874102	-1260799.99908225
-121450.000704306	-1260674.99780902
-121574.99929552	-1260674.99886801
-121700.000113657	-1260674.9984587
-121824.998760124	-1260674.99700581
-121950.000694045	-1260675.00500663
-121949.999918182	-1260549.99927686
-122075.000719125	-1260550.00492266
-122200.000498329	-1260549.99838939
-122324.999174229	-1260550.00173473
-122450.000091244	-1260550.00360994
-122449.999956729	-1260425.00411351
-122574.999749223	-1260425.00362849
-122575.000492847	-1260300.00295519
-122699.999161293	-1260300.00010779
-122825.000077017	-1260299.99578747
-122824.999387112	-1260175.00396564
-122949.999182419	-1260174.99727956
-123075.000096277	-1260175.00025484
-123075.000234314	-1260049.99500802
-123200.000031708	-1260049.99561413
-123324.999887481	-1260049.99495944
-123325.000778624	-1259924.99833936
-123449.999521784	-1259924.99531232
-123574.999398732	-1259925.00194436
-123700.000469289	-1259924.99617821
-123699.999863673	-1259799.99614486
-123825.000899844	-1259799.99892239
-123949.999808359	-1259800.00065331
-124074.998874998	-1259674.99744812
-124199.998954961	-1259674.99531908
-124325.000190079	-1259675.0028464
-124324.999932104	-1259549.99685849
-124450.000071836	-1259550.00200129
-124574.999215392	-1259549.99495963
-124699.999523713	-1259549.99757327
-124824.999919851	-1259549.99892244
-124825.000234067	-1259424.99907002
-124949.999543282	-1259424.99802943
-125074.99894461	-1259424.99572355
-125199.999525523	-1259425.00307169
-125324.999118119	-1259424.99823543
-125449.999896427	-1259425.0030532
-125574.999688247	-1259424.99568698
-125575.000414912	-1259299.99946897
-125700.000222768	-1259300.00062442
-125825.000137136	-1259300.00051396
-125825.000489539	-1259175.00195153
-125949.999335092	-1259174.99944065
-126075.000489127	-1259174.99544299
-126199.99944314	-1259049.9992682
-126325.000742558	-1259050.00251687
-126449.999963759	-1259050.00471811
-126575.000406037	-1259049.99451288
-126575.000918287	-1258924.99966462
-126699.999204325	-1258924.99818914
-126700.000495916	-1258800.00211925
-126824.999924135	-1258799.99801123
-126950.00058122	-1258800.003551
-126950.001464351	-1258675.00511406
-127074.999969196	-1258674.99732143
-127199.999709455	-1258674.9991755
-127324.999585973	-1258674.99975881
-127324.998868527	-1258549.99780264
-127449.999896695	-1258549.99574453
-127574.99997545	-1258550.00355403
-127574.998830792	-1258424.99921872
-127700.000066016	-1258425.00438301
-127825.000339362	-1258424.99735746
-127949.999673124	-1258425.00019906
-127950.000212521	-1258300.00302017
-128075.000708698	-1258300.00321154
-128199.999162004	-1258300.00235282
-128449.998732549	-1258299.99659129
-128449.999766075	-1258175.00539847
-128574.999702566	-1258174.99933655
-128700.000917207	-1258175.00291602
-128700.000380282	-1258049.99840529
-128825.000573406	-1258049.99954907
-128950.000934519	-1258049.99941725
-129074.999269896	-1258049.99823519
-129075.000395403	-1257925.00084477
-129199.999911142	-1257924.99699758
-129199.999557714	-1257799.99858403
-129325.001376148	-1257800.0029844
-129450.000054666	-1257799.99541754
-129450.000345135	-1257675.00550242
-129575.000207696	-1257674.99526417
-129699.999181693	-1257674.9948886
-129824.999467392	-1257675.00414954
-129824.999149206	-1257549.99950087
-129949.999499383	-1257549.9951704
-130075.001167811	-1257550.00047488
-130075.001479946	-1257425.00431156
-130199.998824779	-1257424.99647527
-130324.999689035	-1257424.9980458
-130450.000751018	-1257424.99833569
-130449.99936461	-1257299.99856196
-130574.999432848	-1257299.9963942
-130700.000837644	-1257300.0038589
-130824.999118582	-1257299.99935644
-130825.00041092	-1257174.99550518
-130950.001034404	-1257174.99922615
-131074.999674152	-1257175.00189337
-131200.00072052	-1257175.00304959
-131200.000291289	-1257049.99556572
-131325.001496483	-1257050.00516879
-131449.999585388	-1257050.0028045
-131575.000086973	-1257049.99892775
-131574.999067373	-1256924.99871394
-131699.999737285	-1256925.00327949
-131824.999487822	-1256924.99564781
-131950.000608958	-1256924.99764483
-132074.999765472	-1256924.99858815
-132075.001342329	-1256800.00398126
-132199.999534665	-1256800.00244848
-132325.000153952	-1256799.99940008
-132449.998815116	-1256799.99529782
-132449.998641915	-1256674.9970217
-132574.999688503	-1256675.00111999
-132700.000976938	-1256675.00393214
-132824.99916255	-1256674.99477811
-132949.998746247	-1256674.99525055
-132950.001154883	-1256550.00254346
-133074.999790236	-1256550.00052983
-133199.998675698	-1256549.99722972
-133325.001164096	-1256550.00332196
-133450.000556806	-1256549.99744879
-133574.999172383	-1256550.0014337
-133575.000547727	-1256675.00038716
-133700.000617707	-1256675.00429207
-133824.999787616	-1256674.99600105
-133950.000382226	-1256674.99733633
-134074.999049353	-1256674.99762086
-134075.00064269	-1256550.00404605
-134200.000579098	-1256550.00160121
-134325.000785625	-1256549.99787068
-134450.000238573	-1256550.00399964
-134574.998799273	-1256549.99793293
-134700.000998695	-1256550.00125628
-134825.001285227	-1256550.00352929
-134950.001285621	-1256425.00188062
-135075.000947114	-1256425.0003646
-135199.99870221	-1256424.99779847
-135200.000899292	-1256300.00330411
-135324.999943902	-1256299.99799488
-135450.000455502	-1256300.00230811
-135449.999852066	-1256175.005513
-135575.000480388	-1256174.99616973
-135700.000389813	-1256174.99668415
-135825.000598428	-1256174.99591049
-135825.000376061	-1256049.99511113
-135950.000872209	-1256050.00273147
-136075.00049217	-1256049.99815376
-136199.999408261	-1256050.00343351
-136199.99955583	-1255924.99861813
-136324.999778296	-1255925.00114083
-136450.000312663	-1255925.00237341
-136575.001160912	-1255925.00231594
-136575.000660961	-1255800.00461953
-136700.000629539	-1255800.00203822
-136825.000916291	-1255799.99816593
-136950.000520971	-1255800.00414967
-137074.999259308	-1255799.99793489
-137075.000104672	-1255674.99472277
-137199.999162782	-1255674.99688671
-137325.000741033	-1255674.99751935
-137450.000458277	-1255674.99709988
-137575.00050806	-1255674.99538888
-137574.999497192	-1255549.99802709
-137699.999881902	-1255550.00468878
-137824.999408288	-1255549.9991507
-137950.00047186	-1255550.00322716
-137949.999789444	-1255425.00179539
-138074.999999081	-1255425.00333269
-138200.000553965	-1255425.0035764
-138324.999264948	-1255425.00276797
-138450.000516273	-1255425.00042483
-138450.000155607	-1255300.0045678
-138575.000561481	-1255299.99967999
-138700.000334988	-1255300.00464601
-138700.000274706	-1255174.99503923
-138824.999206965	-1255174.99745746
-138950.000689854	-1255174.99833797
-138949.998950096	-1255049.99727313
-139074.99959539	-1255049.99560232
-139199.999624004	-1255050.00378354
-139199.99937244	-1254924.99986457
-139325.000758995	-1254925.00524805
-139449.99911412	-1254924.99867173
-139575.001242903	-1254925.00146002
-139575.000290913	-1254800.00456942
-139700.001593341	-1254800.00479839
-139825.00108266	-1254800.0039727
-139950.000950888	-1254800.00184877
-140074.999009969	-1254799.99867112
-140200.00086035	-1254800.00485571
-140199.999963939	-1254675.00105725
-140325.001000167	-1254675.00467606
-140449.999015229	-1254674.99633624
-140574.998641157	-1254674.99760204
-140699.998660353	-1254674.99756899
-140700.00022956	-1254549.99900693
-140824.999443309	-1254549.99640276
-140950.000279676	-1254550.00340264
-141075.000291589	-1254549.99819872
-141074.999917043	-1254424.99571539
-141200.000355944	-1254424.99883976
-141324.99901143	-1254425.00090978
-141450.000264249	-1254425.00143237
-141450.00012436	-1254299.99477052
-141574.999625713	-1254300.0038634
-141700.000498874	-1254300.00050409
-141824.999597086	-1254299.99609039
-141950.000345377	-1254300.00127809
-142075.00151399	-1254300.00516412
-142075.000425204	-1254175.00264854
-142200.00081413	-1254175.00394811
-142324.999438715	-1254175.00419341
-142450.000678835	-1254175.0028879
-142575.000158572	-1254175.00052862
-142700.000068855	-1254174.99686718
-142824.999464228	-1254175.0030549
-142825.000600172	-1254050.00286543
-142950.000177686	-1254049.99530789
-143074.999247063	-1254049.99759868
-143199.998757374	-1254049.99858658
-143200.001339752	-1253925.00506552
-143325.000092365	-1253925.00345492
-143449.999290199	-1253925.00054043
-143450.001079785	-1253800.00432259
-143574.999522723	-1253799.99880637
-143699.999664555	-1253800.00288632
-143824.999009557	-1253799.99476021
-143950.000059556	-1253799.99623007
-144074.999378848	-1253799.99664632
-144199.999157703	-1253799.99575794
-144325.000652853	-1253800.00446541
-144325.00000403	-1253674.99853119
-144450.000763376	-1253675.00462804
-144575.000733678	-1253674.99851887
-144700.0002418	-1253675.00225671
-144700.001018926	-1253550.00294344
-144824.999797647	-1253550.00406649
-144825.000953001	-1253425.00333753
-144950.001190457	-1253425.00159059
-145074.999716816	-1253424.99878898
-145199.999102978	-1253300.0008088
-145325.00083638	-1253300.00472407
-145449.999143984	-1253175.00007754
-145575.000643397	-1253175.00005867
-145700.000444843	-1253174.99898396
-145699.999138269	-1253049.99963566
-145825.000411855	-1253049.99567825
-145950.001261407	-1253050.00156308
-146074.999151115	-1253049.99549338
-146199.998809872	-1253049.99901183
-146199.999877782	-1252925.00466325
-146325.001019442	-1252925.00529241
-146450.000478239	-1252925.00486521
-146449.999406192	-1252799.99686232
-146575.001624446	-1252800.00444023
-146700.000890373	-1252800.00006309
-146824.999757101	-1252800.00552739
-146825.000062744	-1252675.00407744
-146949.999143961	-1252674.99574617
-147075.000019083	-1252674.99699877
-147075.000719659	-1252550.00367778
-147200.000904982	-1252550.00228504
-147324.999425072	-1252549.99983456
-147449.998468016	-1252549.99606967
-147574.99931966	-1252550.00188728
-147699.99941531	-1252549.99549344
-147824.999139646	-1252549.99893985
-147825.000671404	-1252424.99672996
-147949.999720686	-1252424.99752355
-148074.999305177	-1252424.99700186
-148199.999426853	-1252424.99516492
-148200.000133358	-1252299.99972179
-148324.999586168	-1252299.99522758
-148450.000872075	-1252300.00031303
-148575.000517893	-1252300.00434123
-148575.001287901	-1252175.00449857
-148699.998978558	-1252174.99496944
-148824.998511912	-1252174.99501894
-148949.999893157	-1252175.00464671
-149075.000533248	-1252175.00206174
-149075.000145549	-1252049.99645893
-149199.999244879	-1252050.00236227
-149324.999790307	-1252049.99579191
-149450.000011033	-1252049.99905907
-149575.000795955	-1252050.00100816
-149699.999961806	-1252050.00190047
-149700.000681558	-1251924.99979654
-149824.999207084	-1251924.9980152
-149949.998303061	-1251924.99491517
-150074.999277414	-1251925.00139069
-150075.000027247	-1251799.9948408
-150200.000368662	-1251799.99863782
-150324.999104127	-1251800.0013772
-150450.00060522	-1251800.00253442
-150574.999188406	-1251675.00142038
-150700.000647857	-1251674.99857376
-150824.998325219	-1251674.99493253
-150950.00008993	-1251675.00060088
-151075.000263228	-1251675.00521197
-151074.999932207	-1251549.99789431
-151199.999491199	-1251549.99981612
-151324.999647643	-1251550.00041635
-151450.000403511	-1251549.999695
-151574.999576409	-1251549.99791659
-151574.999352198	-1251424.99563105
-151699.999239909	-1251425.00205047
-151825.000598117	-1251424.9959901
-151949.999518224	-1251425.00002962
-152075.001234247	-1251425.00248162
-152075.001113129	-1251300.00520739
-152200.000050405	-1251300.00522436
-152324.999603726	-1251300.00391815
-152449.999775066	-1251300.00128875
-152575.000566397	-1251299.99733612
-152700.001124868	-1251300.00321815
-152824.998795306	-1251299.99715258
-152950.001330443	-1251175.00341969
-153075.000381573	-1251175.00421354
-153200.000065032	-1251175.00368364
-153199.999781752	-1251050.00382412
-153325.00107505	-1251050.00031422
-153449.998637969	-1251049.99601469
-153575.000359833	-1251050.00101309
-153699.999007455	-1250924.99914886
-153825.00080806	-1250925.00010396
-153950.001072362	-1250925.00000151
-154074.999802332	-1250924.99884213
-154199.999183217	-1250924.99635732
-154325.000560422	-1250925.00343664
-154449.999066843	-1250924.99857032
-154574.99957567	-1250925.00326826
-154699.999398784	-1250924.99575162
-154700.0010124	-1250799.99935116
-154824.999455814	-1250800.00026583
-154950.000747504	-1250799.99958403
-155075.000523323	-1250799.99784637
-155074.999891071	-1250674.99711543
-155200.000481206	-1250675.00353416
-155325.000392679	-1250674.99773698
-155450.000148091	-1250675.00177225
-155449.999442189	-1250549.99642921
-155574.998668332	-1250549.99772776
-155700.000756951	-1250549.99742641
-155824.999162152	-1250549.99634038
-155949.999608909	-1250550.00481435
-156074.999384739	-1250550.00107258
-156199.9998483	-1250549.99600296
-156325.000179919	-1250550.00076568
-156450.001205351	-1250550.00420065
-156574.99938082	-1250549.99569396
-156699.99961609	-1250549.99674715
-156825.000551078	-1250549.9964729
-156950.000005131	-1250549.99514511
-157074.999347626	-1250550.00365099
-157200.000212027	-1250549.99966909
-157324.999601397	-1250549.99463461
-157449.998888327	-1250549.99943438
-157575.001071549	-1250550.0026325
-157699.999605163	-1250550.00505398
-157824.999665165	-1250549.99498792
-157949.999634883	-1250549.9947567
-158074.999519498	-1250550.00436056
-158200.00093533	-1250550.00147665
-158324.998711394	-1250549.99781893
-158450.000776711	-1250550.00344418
-158575.000010689	-1250549.99713481
-158699.999174756	-1250550.00066157
-158825.001256926	-1250550.00258553
-158824.998955623	-1250424.99918034
-158950.0005821	-1250424.99833714
-159074.998583525	-1250424.99672202
-159200.000894829	-1250425.004387
-159199.99848747	-1250299.996254
-159325.000350697	-1250300.00114726
-159450.000779875	-1250300.00499059
-159575.000570055	-1250299.99662223
-159574.999434721	-1250174.9946337
-159700.001561573	-1250175.00525692
-159825.000871598	-1250175.00394629
-159825.000806708	-1250049.99865702
-159949.999678102	-1250049.9945671
-160075.000701799	-1250050.00003074
-162074.998940712	-1250049.99995164
-164449.9989855	-1250049.99840515
-164574.999582207	-1250050.0041133
-164699.999587654	-1250049.99761684
-164824.999687499	-1250050.00095994
-164950.000633262	-1250050.00297692
-165075.000245157	-1250050.00395584
-165200.000706894	-1250050.00360894
-165324.999838683	-1250050.00222469
-165449.999824236	-1250049.99951491
-165574.998483762	-1250049.99576851
-165699.999442784	-1250050.00157396
-165824.999820708	-1250049.99517685
-165950.000322436	-1250049.9986208
-166074.999508118	-1250050.00102928
-166199.999561462	-1250050.00211281
-166325.000484429	-1250050.00187129
-166450.000097227	-1250050.00059516
-166575.000583568	-1250049.99799427
-166700.001214025	-1250050.00523547
-166824.999090897	-1250050.00056723
-166950.001481439	-1250050.00515917
-167074.99893843	-1250049.99813382
-167200.000915145	-1250050.00036822
-167324.999415797	-1250050.00186203
-167450.000987591	-1250050.00173972
-168074.999718875	-1250049.9953619
-168075.000061301	-1249925.00333368
-168199.999311066	-1249924.99461847
-168324.998747143	-1249924.99574652
-168449.999090764	-1249924.99554998
-168574.999628888	-1249925.00519684
-168574.999540777	-1250050.00393297
-168700.000678259	-1250050.00291446
-168825.000547059	-1250050.00086726
-168949.999149137	-1250049.99779192
-169075.000138862	-1250050.00426724
-169200.000577928	-1250049.99854635
-169325.001228943	-1250050.00267118
-169325.000240535	-1249925.0050033
-169449.999193111	-1249924.99539257
-169574.998364393	-1249924.99562686
-169699.999941074	-1249925.00541014
-169825.000973881	-1249925.00299702
-169825.000843868	-1249799.99843533
-169950.000957008	-1249800.00432258
-170200.00033618	-1249800.00154775
-170199.999321356	-1249675.00308531
-170325.001102499	-1249675.00345011
-170449.999465273	-1249675.00308376
-170450.000597216	-1249800.00494113
-170575.001054241	-1249800.00479997
-170700.000277338	-1249800.00363235
-170825.000449772	-1249800.00114069
-170825.000248112	-1249924.99724197
-170950.000334315	-1249924.99527872
-171075.000679783	-1249925.00316229
-171200.00049328	-1249924.99885233
-171325.000572086	-1249925.00438958
-171450.000120697	-1249924.99773382
-171450.000462373	-1249800.00412296
-171574.999831167	-1249799.99458485
-171699.999475048	-1249799.99489322
-171825.001580485	-1249800.0047483
-171825.000241977	-1249674.99514702
-171949.999995336	-1249675.00241491
-172074.99922548	-1249674.99748853
-172200.00092674	-1249675.00210746
-172199.998705732	-1249549.99854487
-172325.000242417	-1249550.00027211
-172450.000577947	-1249550.00097447
-172574.999714275	-1249550.00065248
-172575.000968748	-1249425.00251496
-172699.99994713	-1249424.99929691
-172824.999911442	-1249424.99475247
-172950.000187463	-1249425.00005208
-173075.001455458	-1249425.00402523
-173200.000293163	-1249300.0005312
-173325.000228929	-1249300.00057733
-173449.998982439	-1249299.99959878
-173574.998736085	-1249299.99729316
-173700.001002851	-1249300.00452812
-173825.000583258	-1249299.99987127
-173950.000502384	-1249300.00505851
-173949.999018902	-1249425.00015246
-174074.999570364	-1249424.99472931
-174200.000465871	-1249424.99915173
-174325.000194355	-1249425.00255275
-174325.000450822	-1249300.00239968
-174450.000060044	-1249300.00288805
-174575.000687158	-1249300.00204991
-174700.000153675	-1249300.00019005
-174825.000641989	-1249299.99700389
-174825.00056106	-1249425.00412288
-174950.001025688	-1249425.00150767
-175075.000335004	-1249424.99787299
-175200.000014648	-1249425.00408543
-175324.999200921	-1249424.99810728
-175450.000944216	-1249425.00167039
-175575.001542137	-1249425.00421502
-175574.99963677	-1249549.99994992
-175700.000216878	-1249550.0030759
-175824.999654943	-1249550.00518554
-175949.998603856	-1249549.99510708
-176075.000124377	-1249549.99457096
-176074.999330185	-1249674.99718309
-176199.998655049	-1249674.9975428
-176324.999026196	-1249674.99658119
-176449.999798538	-1249675.00547077
-176575.000088076	-1249675.00217443
-176575.001025965	-1249800.00051083
-176699.999121589	-1249799.99811848
-176824.999808051	-1249800.00527097
-176950.000014154	-1249800.00023952
-177075.000635811	-1249800.00506142
-177200.000778879	-1249799.99769985
-177324.999162216	-1249800.00050147
-177450.000792476	-1249800.00167435
-177575.001308981	-1249800.00183758
-177700.000713681	-1249800.00099169
-177824.999008523	-1249799.9991372
-177949.99837677	-1249799.99596406
-178075.00036813	-1249800.00233492
-178075.000068926	-1249675.00479785
-178200.000482357	-1249674.99736419
-178324.999163241	-1249675.00009534
-178324.999762581	-1249549.99885747
-178450.000598644	-1249549.99833231
-178575.000339814	-1249549.99679754
-178700.000541424	-1249550.00511563
-178825.000280593	-1249550.00125094
-178949.998930714	-1249549.99637777
-179075.000231188	-1249550.0010456
-179200.000128186	-1249425.00216048
-179325.000338269	-1249425.0028661
-179449.999469794	-1249425.00256308
-179574.999705367	-1249425.00093853
-179575.00071534	-1249300.00389365
-179700.000949954	-1249299.99931034
-179825.001675692	-1249300.00457853
-179949.99976903	-1249299.99797756
-180075.000539956	-1249300.00091455
-180075.000204723	-1249174.99685599
-180199.99880461	-1249174.99714304
-180324.998523065	-1249174.99610661
-180450.000930778	-1249175.00460629
-180450.000346899	-1249049.99515958
-180575.000591413	-1249050.00100506
-180699.998211789	-1249049.99498171
-180699.999440284	-1248925.00381716
-180825.0008326	-1248925.00536536
-180949.999602963	-1248924.99504416
-181075.000473236	-1248925.00543119
-181074.999865547	-1248799.9979997
-181200.000764574	-1248800.00540956
-181324.999046842	-1248800.00095025
-181449.998468385	-1248799.99516444
-181575.000196447	-1248674.99526302
-181700.000196108	-1248674.9963428
-181824.999164015	-1248674.99641205
-181949.999281465	-1248674.99515372
-182074.999954247	-1248675.00374303
-182200.000198331	-1248675.00014718
-182199.998870286	-1248549.99860239
-182325.000748753	-1248550.00287433
-182450.000021355	-1248549.99527851
-182574.999862053	-1248549.99752978
-182574.999830426	-1248425.00138799
-182699.999728939	-1248425.00064513
-182825.000793447	-1248424.99857254
-182824.999391849	-1248299.99895194
-182949.999929405	-1248300.0050573
-183075.000047162	-1248299.99897545
-183074.999446252	-1248174.99555186
-183199.999042599	-1248174.99764467
-183324.999815562	-1248174.99840556
-183449.999588606	-1248174.99815455
-183450.000266248	-1248050.00010532
-183575.000111882	-1248049.99684851
-183700.000559857	-1248050.00343468
-183699.999844444	-1247925.00188918
-183825.000370335	-1247925.005466
-183950.000485318	-1247924.99685353
-183949.999968901	-1247800.00266213
-184074.999586885	-1247800.002213
-184200.000398287	-1247800.00042866
-184200.00065286	-1247675.00240984
-184324.999371505	-1247674.99793069
-184450.000892461	-1247675.0029697
-184449.999732176	-1247550.00143987
-184575.001343306	-1247550.00345882
-184699.999803699	-1247550.00478464
-184825.001647455	-1247550.00445074
-184825.000128911	-1247424.997397
-184950.001500232	-1247425.00521481
-185075.000296456	-1247425.00116335
-185075.001133187	-1247300.00111704
-185200.001640754	-1247300.004891
-185324.999575398	-1247299.99679551
-185325.000586783	-1247175.00407386
-185450.000239164	-1247175.00380009
-185575.001112379	-1247175.00218558
-185700.001031639	-1247174.99955425
-185824.999516719	-1247049.9959376
-185950.000216262	-1247050.00010521
-186074.999970378	-1247050.00325566
-186075.0002106	-1246924.99941886
-186200.000084146	-1246924.99952854
-186324.999016725	-1246924.99862054
-186324.999416349	-1246800.00208736
-186450.000648542	-1246799.99780981
-186575.000391985	-1246800.00369061
-186575.00149959	-1246675.00327871
-186699.999746846	-1246674.99526042
-186824.998688172	-1246674.9970744
-186949.998877378	-1246674.99754351
-186950.001195945	-1246550.00239176
-187074.999344788	-1246550.00013463
-187199.998745751	-1246549.99653167
-187199.999581282	-1246424.99781409
-187325.000751256	-1246425.00200547
-187450.001004297	-1246425.00517643
-187574.998709527	-1246424.99647749
-187575.000745631	-1246300.0029998
-187700.000229851	-1246300.00209028
-187825.000978738	-1246299.99983248
-187949.998643827	-1246299.99688229
-188075.001389901	-1246300.0031054
-188074.999696056	-1246175.0026166
-188199.998785855	-1246174.99525228
-188324.998612976	-1246174.99771642
-188449.999716951	-1246174.99883133
-188574.999924734	-1246174.99892596
-188575.00048197	-1246050.00159847
-188700.000856064	-1246049.99862086
-188824.998163657	-1246049.99495197
-188950.000575986	-1246050.00045171
-188950.000675941	-1245924.99747144
-189075.001087665	-1245925.00022388
-189200.000616177	-1245925.00195509
-189325.001437964	-1245925.0023351
-189325.000544728	-1245800.00486851
-189449.999372755	-1245800.00249766
-189574.999498295	-1245799.99877462
-189574.999246852	-1245674.99736498
-189700.001207869	-1245675.00140399
-189825.00012454	-1245675.00475168
-189825.00050661	-1245549.99939346
-189949.999612449	-1245549.99965279
-190075.000026403	-1245549.99855761
-190199.999576515	-1245549.99643971
-190199.998948424	-1245424.99656816
-190325.000351615	-1245425.00220338
-190449.999238982	-1245424.995969
-190574.998928528	-1245424.99955761
-190699.999938365	-1245425.0017907
-190825.000096754	-1245425.00300115
-190949.999405631	-1245425.00318943
-191075.000040609	-1245425.00202251
-191075.000460251	-1245299.999651
-191199.999135898	-1245299.99571534
-191325.000808054	-1245300.00126829
-191449.999973915	-1245299.994954
-191574.999968828	-1245299.99846243
-191699.999128554	-1245300.00094921
-191700.00065435	-1245174.99985448
-191825.000042152	-1245174.9992321
-191949.998599221	-1245174.9975875
-192075.000173449	-1245175.0054297
-192074.999009489	-1245049.99891981
-192200.000819426	-1245050.00364795
-192325.00013214	-1245049.99650955
-192450.000298513	-1245049.9991921
-192574.999646537	-1245050.00085247
-192700.00035117	-1245050.0011548
-192825.000241324	-1245050.00043543
-192949.999318934	-1245049.99869483
-192950.000884924	-1244925.00038852
-193075.000215783	-1244924.99552499
-193200.000421161	-1244925.00048189
-193324.999822507	-1244925.0044171
-193449.99890982	-1244924.9961515
-193574.998880644	-1244924.99770679
-193700.000226042	-1244924.99790325
-193824.99860234	-1244924.99741727
-193949.998357079	-1244924.99557294
-194075.001182247	-1244925.00321119
-194074.999428826	-1244799.99898906
-194200.000360305	-1244800.0038315
-194324.998813585	-1244799.99681244
-194450.000346811	-1244799.99927461
-194575.001098051	-1244800.00071651
-194700.001069235	-1244800.00113858
-194825.000262295	-1244800.00054128
-194949.999703075	-1244675.00275541
-195075.000588962	-1244674.99765546
-195200.000230688	-1244675.0027158
-195324.999576085	-1244674.99557641
-195449.999855679	-1244674.99825719
-195574.999371453	-1244674.99991903
-195700.001344392	-1244550.00332993
-195825.000411168	-1244550.00082168
-195949.998720503	-1244549.99729431
-196075.000154029	-1244550.00324442
-196075.000643648	-1244425.00047858
-196200.000225768	-1244425.00361457
-196325.001230881	-1244425.00538828
-196449.999778082	-1244424.99530454
-196574.999290047	-1244424.99503962
-196699.999771897	-1244425.00459349
-196824.999972496	-1244425.00194788
-196949.999433809	-1244424.998284
-196950.000559568	-1244300.00376097
-197075.000358936	-1244299.99693172
-197199.998969196	-1244300.00026455
-197325.001192097	-1244300.00189022
-197450.00051443	-1244300.00284172
-197449.999970787	-1244175.00059753
-197574.999641541	-1244174.99837804
-197699.998587885	-1244174.99513955
-197825.000706165	-1244175.00137316
-197950.000382033	-1244174.99575214
-198075.001064325	-1244174.9999486
-198200.001032049	-1244175.00312706
-198325.000287133	-1244175.00528795
-198449.999274767	-1244174.99525026
-198574.99938282	-1244049.99694682
-198700.001492415	-1244050.00437938
-198824.998996932	-1244050.00030628
-198950.000141591	-1244049.99452182
-199075.000148201	-1244049.99890169
-199199.999458379	-1244050.00226476
-199325.000245331	-1244050.00426358
-199450.000339708	-1244050.00524602
-199574.999743436	-1244050.00521254
-199700.000629721	-1244050.003815
-199699.999680114	-1243924.99895027
-199824.998791948	-1243924.99470736
-199949.998960814	-1243925.00028129
-200075.00062051	-1243925.00448996
-200199.999858469	-1243924.99684988
-200199.998964477	-1243799.99498518
-200324.998182003	-1243799.99532758
-200450.000642233	-1243800.00513611
-200575.000685865	-1243800.00309587
-200700.000059488	-1243800.00003976
-200824.998765028	-1243799.99596819
-200950.000725223	-1243800.00136249
-201075.000272279	-1243799.99490997
-201075.00009992	-1243675.00098261
-201199.999654169	-1243675.00250352
-201325.000721372	-1243675.00265744
-201450.001132832	-1243675.00179575
-201575.000890474	-1243674.99991886
-201699.999996224	-1243674.9970272
-201825.000209576	-1243675.00395159
-201825.000518556	-1243549.99773363
-201950.001175143	-1243550.00144073
-202075.001188323	-1243550.00413247
-202199.998799101	-1243549.99497943
-202324.999700586	-1243549.99528876
-202449.999964438	-1243549.99458354
-202575.001356685	-1243550.00369354
-202574.999561915	-1243424.99667334
-202700.001413629	-1243425.00255793
-202824.998699614	-1243424.99695243
-202949.999293892	-1243425.00080754
-202950.000805327	-1243299.99817316
-203074.999695726	-1243299.99915242
-203200.000133304	-1243299.99876204
-203324.999950016	-1243299.99735667
-203449.999147785	-1243299.99493672
-203574.999501465	-1243300.00233047
-203699.999638148	-1243299.99752691
-203700.000823933	-1243175.0048478
-203824.999271955	-1243174.99716175
-203949.998885597	-1243174.99928856
-204075.000062373	-1243175.00004483
-204200.000634455	-1243174.99978669
-204325.000603766	-1243174.99851457
-204324.998995918	-1243049.99596492
-204450.001239887	-1243050.00227445
-204574.998936352	-1243049.99709961
-204699.99998875	-1243050.00137989
-204699.999510965	-1242925.00351296
-204825.001066237	-1242925.00454325
-204949.999862336	-1242925.00491591
-205075.00023981	-1242925.00391617
-205200.000031266	-1242925.00190193
-205324.999910403	-1242800.00155324
-205449.99963228	-1242799.99526819
-205575.000565076	-1242799.99879326
-205700.000922251	-1242800.00130359
-205825.000705726	-1242800.00279956
-205949.999946184	-1242674.99564921
-206075.001480264	-1242675.0036918
-206200.000653061	-1242674.99989536
-206324.99926043	-1242674.99508466
-206325.000037382	-1242550.00326529
-206449.999179821	-1242549.99518628
-206574.99956067	-1242549.99691576
-206699.999384564	-1242549.99763031
-206824.998653422	-1242549.99733034
-206949.999537821	-1242549.99565507
-206950.001465258	-1242425.00429406
-207075.000729999	-1242424.9997043
-207200.001250936	-1242425.00492223
-207324.999421283	-1242424.99830301
-207450.001022225	-1242425.00112986
-207575.001185218	-1242300.00154566
-207700.000638783	-1242300.00043792
-207824.999555967	-1242299.99831544
-207950.000106913	-1242299.99481569
-207950.000323288	-1242174.99799521
-208075.00108715	-1242175.00239244
-208199.99950939	-1242174.9949532
-208324.999218284	-1242174.99732016
-208450.000571104	-1242174.99830868
-208450.000831873	-1242050.00413798
-208575.000596601	-1242050.00219707
-208699.999841679	-1242049.99924077
-208824.998569025	-1242049.9952695
-208950.000768583	-1242050.00073891
-209074.999874359	-1241925.00091179
-209199.999987136	-1241925.00243106
-209324.999592561	-1241925.00293503
-209450.000860121	-1241925.00205855
-209574.999456595	-1241925.00053289
-209574.999081194	-1241799.9984887
-209700.000106523	-1241800.00447609
-209824.998806874	-1241799.99862924
-209950.001006466	-1241800.00221953
-209950.001732228	-1241675.0046857
-210074.998377856	-1241674.99487972
-210200.000360587	-1241675.00532776
-210325.000024303	-1241675.00394198
-210325.000016102	-1241550.00008803
-210450.000296193	-1241549.99538673
-210574.999759796	-1241550.00085407
-210700.000910056	-1241550.00493777
-210700.000158219	-1241424.9947522
-210824.999766011	-1241424.99588335
-210949.998897972	-1241424.99599784
-211074.999722712	-1241424.99472765
-211074.999729743	-1241300.00020074
-211199.999019907	-1241299.99597392
-211324.999682002	-1241300.00154635
-211450.000202634	-1241299.99491658
-211574.999934666	-1241299.99845531
-211699.998497859	-1241174.99583734
-211824.998413249	-1241174.99502789
-211949.999718327	-1241175.00401678
-212074.9990972	-1241050.0004737
-212200.000601942	-1241050.00510863
-212324.999807683	-1241049.99791098
-212450.000415774	-1241050.00051088
-212449.999704061	-1240925.00460995
-212575.000972666	-1240925.00386814
-212699.99963303	-1240925.00247937
-212825.000018712	-1240924.99970176
-212824.998529057	-1240799.99740287
-212950.001436707	-1240800.00209271
-213074.99988783	-1240799.99532186
-213199.999343965	-1240675.0004517
-213324.999894131	-1240675.00012536
-213450.000016665	-1240674.99878007
-213449.99986559	-1240549.99642708
-213575.000362749	-1240550.00291253
-213699.998576207	-1240549.99756569
-213825.001307659	-1240425.00366913
-213950.001650858	-1240425.00475596
-214075.000578104	-1240300.00275452
-214199.99903223	-1240299.99983201
-214324.999240742	-1240299.99551498
-214450.000961254	-1240175.00328334
-214574.999294916	-1240174.99495217
-214699.999096178	-1240174.99641115
-214824.998497455	-1240174.99684925
-214949.999705824	-1240050.00055903
-215074.999417698	-1240049.99660269
-215200.000611944	-1240050.00243529
-215200.00088374	-1239925.00260678
-215325.000627924	-1239925.00543735
-215450.000270739	-1239924.99605998
-215450.000480045	-1239800.00291609
-215575.00055439	-1239800.00134349
-215700.000246031	-1239799.99874802
-215700.000673016	-1239675.00109748
-215824.998922404	-1239674.9954939
-215950.000840065	-1239674.99929919
-216075.000219823	-1239675.00245792
-216074.999794183	-1239549.99830722
-216199.999903401	-1239549.99807649
-216324.999642772	-1239549.99682169
-216324.999140939	-1239424.99933704
-216449.999613878	-1239424.9946891
-216574.999446755	-1239425.00020228
-216574.999140299	-1239299.9981923
-216699.999712307	-1239300.00030863
-216824.999806245	-1239174.99485863
-216950.000490878	-1239175.00373476
-217075.001092743	-1239175.00039844
-217199.999179264	-1239174.99641509
-217200.001963575	-1239050.00495309
-217324.998637614	-1239049.99794385
-217449.999022571	-1239050.0003356
-217575.001225943	-1239050.00132108
-217700.000924538	-1239050.00165992
-217699.999596502	-1238925.00202576
-217825.000055524	-1238924.99895353
-217950.000176731	-1238924.99485429
-218075.001540853	-1238800.00514311
-218199.999932138	-1238799.99698191
-218324.999896228	-1238799.99859885
-218324.999731957	-1238674.99864489
-218450.000468652	-1238674.99684214
-218575.000625083	-1238675.0051974
-218575.000611822	-1238550.00067496
-218699.999638584	-1238549.99480225
-218825.000253692	-1238549.99870524
-218825.000130792	-1238425.00079521
-218949.999366716	-1238425.00165321
-219075.000450077	-1238425.0010994
-219199.999059859	-1238424.99989862
-219324.999322285	-1238300.00156193
-219449.998413468	-1238299.99589959
-219574.999114462	-1238300.0000108
-219574.999045986	-1238174.99969641
-219700.000543939	-1238175.00037086
-219824.999581595	-1238175.00039815
-219950.000482906	-1238174.9990115
-219950.001392207	-1238050.00287806
-220074.998775477	-1238049.99881793
-220199.999947864	-1238050.00414513
-220200.000972918	-1237925.00340798
-220324.998871343	-1237924.9948724
-220449.998404789	-1237924.99610718
-220574.999647628	-1237799.99973346
-220699.999712511	-1237799.99648695
-220825.001424203	-1237800.00300931
-220825.001358921	-1237675.00220017
-220949.999803607	-1237674.99485339
-221074.999901809	-1237674.99727463
-221199.999728322	-1237674.99866317
-221200.000623196	-1237550.0019937
-221324.999117919	-1237550.00031011
-221449.99950529	-1237549.9972069
-221575.001560928	-1237550.00387033
-221699.99926057	-1237549.99908775
-221700.000051886	-1237425.00450166
-221824.998589003	-1237424.99625516
-221938.420975812	-1237425.00108788
