-1067597.53705712	884325.002105418
-1067574.99805507	884324.997463262
-1067449.99966631	884325.000878937
-1067449.99896553	884199.998950532
-1067325.0026275	884200.001831361
-1067200.00222754	884200.002670014
-1067074.99930973	884199.999601241
-1066950.00079712	884200.001500428
-1066824.99976759	884199.999488309
-1066699.99697585	884074.99842313
-1066575.00241038	884075.000828281
-1066450.00224407	884075.00303902
-1066325.00110679	884074.999468575
-1066200.00283377	884075.002715679
-1066075.00204771	884075.002038808
-1065949.99874949	884074.997435769
-1065824.99831608	884074.999643888
-1065699.99691444	884074.996061527
-1065574.9983777	884074.999286527
-1065449.99733065	884074.998577168
-1065325.00223459	884075.000952253
-1065200.00308615	884075.001248664
-1065074.9998862	884074.999463552
-1064950.0026378	884075.000757806
-1064950.00229963	883950.000528084
-1064824.99712652	883949.99608144
-1064699.99636384	883949.996568299
-1064575.001554	883950.000129207
-1064450.00269588	883950.001597478
-1064324.99979038	883950.000970264
-1064200.00283827	883950.003412025
-1064199.99866745	883824.999223034
-1064075.00225833	883825.00293221
-1063950.00334669	883825.002682155
-1063825.00039083	883825.000327401
-1063700.00184757	883825.0028911
-1063575.0008036	883825.001489067
-1063449.99571723	883824.997975177
-1063324.99658658	883824.997518163
-1063200.0018687	883825.001972894
-1063200.00153573	883700.002415339
-1063075.00045955	883699.999235885
-1062950.0022557	883700.002818829
-1062825.00155503	883700.002423397
-1062699.99835844	883699.998047399
-1062574.99957708	883699.99857288
-1062449.99675837	883699.996968249
-1062324.99989734	883699.998407204
-1062199.99899989	883699.997711744
-1062075.00251786	883700.00191063
-1061950.0035427	883700.002116908
-1061825.00053295	883700.000181621
-1061825.00098475	883575.001291011
-1061700.00008618	883574.998725352
-1061575.00206289	883575.002898945
-1061574.99881172	883449.998789449
-1061450.00290235	883450.002329032
-1061325.00296208	883450.003717769
-1061200.0005337	883450.001100669
-1061199.99664128	883324.996997146
-1061075.00323819	883325.002625984
-1060949.99735793	883324.999063071
-1060824.99744065	883324.998521825
-1060825.00135742	883200.001462974
-1060700.00202013	883200.002128161
-1060575.00019888	883199.998776915
-1060450.00125897	883200.002144146
-1060325.0013775	883199.999640028
-1060199.99593094	883199.996814221
-1060199.99998026	883074.999475089
-1060074.99666225	883074.995993736
-1059949.99776905	883074.997371707
-1059825.00330029	883075.003607593
-1059824.99827166	882949.999252201
-1059699.99748961	882949.99778963
-1059575.00113391	882950.001180435
-1059450.00230025	882950.000536057
-1059449.99664177	882824.996205487
-1059324.99686304	882824.998591887
-1059200.00305301	882825.003976632
-1059074.99832295	882824.998281163
-1059075.00048129	882700.001018415
-1058949.99635105	882699.996498632
-1058824.99665105	882699.996819381
-1058700.00138093	882700.001979253
-1058700.00445331	882575.002903176
-1058575.00134355	882575.002192916
-1058449.99576293	882574.997429364
-1058325.00459753	882575.002691492
-1058199.99943844	882575.000550624
-1058199.99806178	882449.997846909
-1058075.00349517	882450.002060114
-1057949.99647789	882449.997017726
-1057825.00387641	882450.001994904
-1057699.99882603	882449.997711238
-1057574.99821	882449.998248162
-1057450.00356811	882450.00175867
-1057324.99648044	882449.995999761
-1057200.00226695	882450.002100039
-1057074.99714963	882449.997080272
-1056949.99646733	882449.996872067
-1056825.00021966	882450.001474019
-1056700.00150885	882450.001994222
-1056574.99879563	882450.000274559
-1056450.00205778	882450.001515509
-1056449.9972258	882324.997373304
-1056325.00111697	882324.999741083
-1056200.00100805	882324.999862225
-1056074.99689994	882324.997733886
-1055949.99876899	882324.998558742
-1055824.9966398	882324.99712983
-1055699.99894792	882325.000493766
-1055574.9987987	882324.999756886
-1055575.0034696	882200.002101626
-1055450.00395889	882200.00247563
-1055325.00045316	882200.000586257
-1055200.00292649	882200.001639773
-1055199.99703858	882074.998831229
-1055075.00015498	882075.0009886
-1054949.99927869	882075.000875829
-1054824.99595013	882074.996649055
-1054699.99677039	881949.995980603
-1054574.99853175	881949.997625806
-1054449.99630367	881949.996991258
-1054325.00005774	881949.99928692
-1054324.99918625	881824.998132691
-1054200.00359306	881825.001517289
-1054075.00401274	881825.002615374
-1053950.00044621	881825.001424103
-1053949.99899773	881700.000338702
-1053824.99762752	881699.99838997
-1053700.00400522	881575.002029665
-1053574.99931081	881574.998865476
-1053449.99714547	881449.997988521
-1053324.99910086	881449.99881491
-1053199.998365	881324.998631692
-1053074.99700602	881324.998224894
-1053074.99839442	881199.998069273
-1052949.99770282	881199.998731301
-1052825.00300186	881200.002299651
-1052824.99916512	881074.998858337
-1052699.99670505	881074.996436657
-1052574.99806564	880949.999086345
-1052450.00227075	880950.000627944
-1052450.00019112	880825.001357354
-1052324.99664167	880824.996903268
-1052325.00308018	880700.003250981
-1052200.00020659	880699.999855119
-1052075.00179238	880700.001188878
-1052075.00453534	880575.002429421
-1051949.99837134	880574.997761836
-1051949.99966083	880449.999408561
-1051825.00260627	880450.002848481
-1051825.00397704	880325.003067332
-1051700.00062439	880199.999297334
-1051324.99617378	879574.998098641
-1051324.99634724	879449.997839391
-1051200.0013361	879450.000744555
-1051200.00003419	879325.000910292
-1051200.00257487	879200.003327843
-1051074.99603686	879199.996568267
-1051074.99863107	879074.99758089
-1051075.00352967	878950.002680729
-1050950.00079307	878950.002197683
-1050949.99730859	878824.998845194
-1050824.99679947	878824.997572835
-1050700.00044412	878700.001478964
-1050574.99821504	878699.99706018
-1050574.99639663	878574.997980319
-1050450.00151896	878450.001180759
-1050324.99915314	878450.000673644
-1050200.00280692	878450.003021079
-1050075.00251633	878450.003002502
-1049949.99981544	878449.998782567
-1049825.00006838	878450.001077194
-1049699.997912	878449.999166192
-1049575.00177592	878450.000101864
-1049450.00016511	878450.000491781
-1049450.00000831	878575.000152888
-1049324.99976587	878574.999987918
-1049199.99558237	878574.997440493
-1049074.99741865	878574.997733812
-1049075.00310626	878450.001211535
-1048949.99569684	878449.997290244
-1048825.00273507	878450.003262565
-1048699.99894209	878449.997955626
-1048574.99810435	878449.999142707
-1048450.00328783	878450.003161987
-1048324.99611008	878449.99772378
-1048200.00337854	878450.002173737
-1048074.9982876	878449.997160975
-1047949.99768577	878449.996802735
-1047825.00157269	878450.001097632
-1047825.00402862	878325.002148872
-1047700.00022106	878325.000369898
-1047575.00243713	878325.001410755
-1047450.00072157	878325.000036761
-1047450.00258363	878200.001287206
-1047325.00160091	878200.00089379
-1047199.99668885	878199.998080213
-1047074.99780224	878199.998079101
-1046950.00340798	878200.002716997
-1046824.99666513	878199.997864688
-1046700.00436818	878200.002884251
-1046574.99972447	878199.998408378
-1046449.99957418	878199.998563521
-1046325.00391694	878200.003348296
-1046199.99744886	878199.996802688
-1046075.00389249	878200.001949271
-1045949.99799437	878199.997586207
-1045824.99659037	878199.997844785
-1045825.00092437	878074.999778253
-1045700.00027147	878075.000986059
-1045574.99722984	878074.997918511
-1045574.9963207	877949.996663667
-1045450.00244984	877950.001609185
-1045324.99624306	877949.997031793
-1045324.99850648	877824.99966009
-1045200.00300512	877825.001267759
-1045199.99534747	877699.997315808
-1045075.00060465	877699.999862985
-1044950.00041385	877700.001772219
-1044824.99783971	877699.999392897
-1044700.00129808	877699.99979259
-1044574.99931034	877699.999546596
-1044450.00335522	877700.002076331
-1044325.00348684	877700.002132557
-1044199.99804693	877574.998837422
-1044075.00344961	877575.004409124
-1043950.00110529	877449.999807996
-1043825.00337023	877450.003815435
-1043700.00325803	877450.003515301
-1043574.99923818	877450.000726803
-1043575.00172523	877325.002160842
-1043449.99848262	877325.000282345
-1043325.00127753	877325.001162514
-1043200.00016715	877324.999547593
-1043075.00356317	877325.002509001
-1043075.00176898	877200.000507122
-1042949.99753704	877199.997295507
-1042824.99781344	877199.998655294
-1042700.00412881	877200.002765253
-1042700.00178314	877075.001004254
-1042575.00047552	877074.998934033
-1042450.00214701	877075.003248764
-1042325.00298047	877075.001412858
-1042199.99838443	877074.998881738
-1042200.00017972	876950.000768556
-1042074.99790744	876949.997303909
-1041949.99861654	876950.000215133
-1041824.99695989	876949.998786245
-1041700.00134589	876950.000092859
-1041575.00030598	876950.000691764
-1041575.00253489	876825.002556797
-1041450.00382552	876825.002211914
-1041324.99969277	876825.001153589
-1041200.00160451	876825.002823001
-1041075.00115456	876825.000139814
-1041074.99695492	876949.99882327
-1040949.99632132	876949.997280201
-1040825.00020064	876950.000278139
-1040700.0001885	876950.000734032
-1040574.99781637	876949.996828908
-1040449.9984272	876949.999275104
-1040324.99667904	876949.997356036
-1040325.00466564	877075.002726937
-1040200.00272666	877075.001940689
-1040074.99689862	877074.998600283
-1039949.99711417	877074.997973033
-1039950.00324268	876950.002799196
-1039825.00427633	876950.003012887
-1039700.00142331	876950.000665707
-1039700.00233853	876825.002343243
-1039575.00030697	876825.000832369
-1039575.0012312	876700.001235541
-1039574.99745456	876574.996965455
-1039450.00095302	876574.999691072
-1039450.00405149	876450.003049458
-1039325.0030723	876325.001616053
-1039324.99993426	876200.000851132
-1039200.00138799	876200.00156454
-1039199.99824538	876074.99953648
-1039075.00052697	876075.001082028
-1039074.99737694	875949.997793589
-1038950.00048793	875950.000169814
-1038949.99579904	875824.997437062
-1038824.99974096	875825.000642282
-1038699.9998138	875700.0006872
-1038575.00071546	875700.002136273
-1038575.00070515	875575.000305862
-1038450.00244222	875575.002578539
-1038325.00183704	875575.000450025
-1038325.00345978	875450.0044066
-1038200.00369274	875450.003097761
-1038075.00005761	875449.999195098
-1037950.00095565	875449.999780968
-1037950.0035738	875325.002231551
-1037824.99691399	875324.996545518
-1037700.00318924	875325.002428661
-1037574.99719935	875324.998622941
-1037575.00081462	875199.999573414
-1037450.0040716	875200.003659915
-1037324.99659365	875199.996241417
-1037325.00183991	875075.002991253
-1037200.00361117	875075.003461421
-1037200.00043022	874950.001893382
-1037075.0030531	874950.003164333
-1036950.0018164	874950.001819862
-1036825.00293513	874825.001890256
-1036699.99869575	874824.998721931
-1036574.99899805	874825.000017613
-1036574.99996781	874700.000964874
-1036450.00265571	874700.001241745
-1036324.99996211	874700.000699933
-1036200.00333841	874700.002807349
-1036075.00286086	874700.002282684
-1035949.99853039	874699.999123114
-1035950.00000912	874575.000147027
-1035824.99654502	874574.997765891
-1035699.99915268	874574.998026686
-1035574.9973397	874449.998815552
-1035449.99696738	874449.99720668
-1035325.00114199	874450.000041544
-1035200.00146846	874450.000227677
-1035074.99794775	874449.997762255
-1034949.99897458	874449.999734547
-1034950.00046183	874325.00118134
-1034825.00389245	874325.002107916
-1034700.00195231	874325.002182136
-1034574.99769429	874324.997789178
-1034449.9979859	874324.997825772
-1034325.00282676	874325.002290562
-1034199.99543315	874324.996993354
-1034075.00250702	874325.001409783
-1034074.99568675	874199.997394339
-1033950.00364855	874200.002554543
-1033824.99937911	874199.997945194
-1033699.99813574	874199.9995577
-1033575.0029696	874200.003782195
-1033449.99710123	874199.996424475
-1033325.00113349	874075.001867549
-1033200.00071392	874074.999651854
-1033075.00332236	874075.003647417
-1032950.00362123	874075.003148448
-1032825.00008593	874074.999955401
-1032700.00110482	874075.001164544
-1032574.99829054	874074.999674945
-1032450.00155611	874075.000781891
-1032324.99946398	874075.000987619
-1032200.00345183	874075.003786647
-1032075.00360853	874075.003878051
-1031949.999935	874075.001259013
-1031825.0023421	874075.001228355
-1031699.99939443	874075.00028369
-1031700.00132294	873950.000588461
-1031574.99929094	873950.000341404
-1031450.00334092	873950.002677131
-1031325.00356411	873950.00229108
-1031199.99996143	873949.999180431
-1031075.00091605	873950.000447219
-1030949.99804581	873949.998984754
-1030825.00125832	873950.000096919
-1030699.99912166	873950.000274522
-1030575.00306788	873950.003023518
-1030450.00319126	873950.003034386
-1030450.00026895	874074.998714828
-1030325.0001972	874074.999679517
-1030199.99630314	874074.997901065
-1030074.9984915	874074.998688206
-1029949.99685856	874074.996727988
-1029824.99978261	874074.999127947
-1029699.99888638	874074.998775892
-1029575.00254727	874075.002780344
-1029450.00391444	874075.002231404
-1029200.00204432	874075.00176267
-1029075.00033359	874075.000041716
-1028950.00318075	874075.002668039
-1028699.99895264	874074.997817412
-1028574.99872665	874074.999245729
-1028324.99825573	874074.997298829
-1028200.00485789	874075.002831116
-1027950.00037067	874200.00130595
-1027825.00066083	874200.000400379
-1027699.99713922	874199.996705563
-1027574.9981757	874199.99733848
-1027450.0037699	874200.002297789
-1027324.99718536	874199.997340605
-1027200.00352715	874200.003826429
-1027074.99921787	874199.998597549
-1026949.99794169	874199.999479554
-1026825.00274977	874200.002886157
-1026700.00375012	874200.00348537
-1026699.99818904	874324.999775203
-1026575.00049327	874324.999491463
-1026449.99746434	874324.998187258
-1026325.00051921	874324.999401877
-1026199.99824193	874324.999590952
-1026075.00204857	874325.002295628
-1025950.00205007	874325.002179062
-1025824.99824739	874324.999238442
-1025824.99925124	874449.99921913
-1025700.00358066	874450.004305795
-1025574.99727087	874449.997645566
-1025450.00387929	874450.002412596
-1025324.99832419	874449.997217509
-1025199.99732699	874449.99631668
-1025075.0008873	874449.999708773
-1025075.00329301	874575.001491285
-1024949.99825783	874574.998644113
-1024824.99930575	874574.99829779
-1024700.00338357	874575.004028511
-1024574.99683005	874574.997991063
-1024450.00319027	874575.003371466
-1024324.99739463	874574.998766736
-1024325.00114977	874700.002388667
-1024199.99663811	874699.996879589
-1024074.99668259	874699.995650166
-1023949.99975619	874700.000486194
-1023950.00251603	874825.001894627
-1023824.99851444	874824.998688194
-1023699.99906778	874824.999756669
-1023574.99582336	874824.997960188
-1023574.99757446	874949.997168306
-1023450.00242937	874950.003389487
-1023324.99666233	874949.997815547
-1023200.00380003	874950.003650495
-1023075.001531	875075.002028784
-1022949.99779183	875074.996937349
-1022824.99707841	875074.997895053
-1022825.00359131	875200.001672323
-1022700.002616	875200.003503168
-1022574.99937224	875200.000666125
-1022450.00068032	875200.002088313
-1022449.99626675	875324.998347168
-1022324.99883652	875324.998855124
-1022199.99761095	875324.996473977
-1022074.9994083	875325.000131615
-1022075.00227523	875450.001390771
-1021949.99698514	875449.996984591
-1021824.99624487	875449.996829929
-1021825.00132781	875575.001124918
-1021700.00184114	875575.000053313
-1021574.99703216	875574.997864217
-1021449.99829997	875574.998139135
-1021450.00076412	875700.002096759
-1021325.00328115	875700.001452804
-1021200.00047627	875699.999684326
-1021199.99832596	875824.997762746
-1021075.00357836	875825.004008918
-1020949.99822648	875824.998408232
-1020824.99742119	875824.997047056
-1020825.00096752	875950.001964015
-1020700.0014038	875949.999680764
-1020574.99651893	875949.996260535
-1020449.99617944	875949.997075081
-1020324.99949459	876074.999799635
-1020199.99660037	876074.996764933
-1020074.99825033	876074.997960713
-1020074.99952554	876199.998725945
-1019950.00087883	876200.000775944
-1019824.99844105	876199.999894106
-1019825.00340272	876325.001977319
-1019700.00066478	876325.00194799
-1019574.9956658	876324.997202344
-1019450.00354068	876325.003841463
-1019449.9974746	876449.998497912
-1019324.9982427	876449.997045923
-1019200.00202154	876450.00159358
-1019199.99809555	876574.999366129
-1019075.00309512	876575.002984261
-1018949.99597553	876574.996490482
-1018824.9966092	876699.997128063
-1018700.00204441	876700.002861757
-1018575.0022259	876825.002751222
-1018449.99675843	876824.99743053
-1018450.0022652	876950.001049877
-1018324.9964785	876949.996573811
-1018200.00355281	876950.003476277
-1018200.00284297	877075.003078387
-1018075.00279918	877075.001878358
-1017949.99896654	877074.997713488
-1017824.99619898	877199.997152732
-1017699.99657309	877199.998033418
-1017575.00301151	877200.001340032
-1017450.00413078	877200.003449416
-1017449.99941672	877325.000884049
-1017325.0017341	877325.002056281
-1017200.00026388	877325.000250515
-1017075.00332628	877325.002640091
-1017074.99735478	877449.998122682
-1016950.00007945	877450.001348313
-1016825.0005486	877449.999814457
-1016699.99570032	877449.997067917
-1016699.9967747	877574.997790378
-1016575.0014329	877575.001281062
-1016450.00230478	877575.001780597
-1016449.99712059	877699.998528566
-1016324.99917849	877699.998086048
-1016325.00092294	877825.001399691
-1016200.00263165	877825.001790129
-1016200.00451968	877950.002719147
-1016074.99756294	877949.996759937
-1016074.99806177	878074.997080671
-1015949.99906326	878074.999137724
-1015825.00034676	878199.999971921
-1015699.99873515	878199.998085987
-1015575.00164753	878200.000379527
-1015450.0007736	878199.999664484
-1015450.00198548	878325.001338392
-1015325.00074803	878325.001452745
-1015199.9972578	878324.996781679
-1015074.9967579	878324.99805515
-1015074.99663161	878449.997863708
-1014949.99729653	878449.998192359
-1014824.99759173	878574.99680082
-1014700.00240562	878575.002126388
-1014575.00343406	878575.004428054
-1014575.00054423	878700.001807774
-1014450.00273018	878700.00316339
-1014325.00113126	878700.001490567
-1014199.99574844	878699.996786507
-1014075.00318866	878700.003437543
-1013950.00261999	878825.00134875
-1013824.99759236	878824.998587877
-1013699.99861741	878824.998213592
-1013575.00262707	878825.003763282
-1013574.99700823	878949.996246956
-1013450.0021646	878950.000844146
-1013325.00353842	878950.002395162
-1013200.00086821	879075.000551355
-1013074.9980694	879074.999866043
-1012950.00132128	879075.001559664
-1012950.00454625	879200.002764784
-1012824.99910591	879199.998069464
-1012699.99818116	879199.997518059
-1012575.00177161	879200.001109259
-1012575.0020275	879325.00231072
-1012449.99845744	879324.997740831
-1012449.99727055	879449.99840637
-1012325.00159206	879450.001850599
-1012200.00213248	879450.002228826
-1012074.99889276	879449.999538254
-1011950.0001662	879450.000982646
-1011824.99766055	879449.999353638
-1011825.00329664	879575.004259829
-1011700.00191698	879575.001668788
-1011574.99675881	879574.995999816
-1011450.00286795	879575.003433693
-1011324.99844433	879574.998810874
-1011199.9985333	879574.998312852
-1011075.00313448	879575.001938322
-1011075.00233628	879700.000584101
-1010949.99823287	879699.997795104
-1010824.99864084	879699.999126217
-1010824.99973368	879825.001152277
-1010700.00125681	879825.001514706
-1010574.99900375	879824.998781502
-1010575.00351516	879950.002433206
-1010450.00083837	879950.000494056
-1010325.00267041	879950.002669681
-1010200.00072691	879950.001742905
-1010074.99654465	879949.995948017
-1009950.00361913	879950.003242007
-1009824.99863658	879950.000209835
-1009699.99969945	879949.999520677
-1009575.00166196	880075.000977567
-1009449.99852008	880074.997957707
-1009324.99988659	880074.999038879
-1009199.99748128	880074.996999337
-1009200.00059058	880200.000604252
-1009074.99774811	880199.999345173
-1009075.00089808	880325.000716684
-1008949.99915179	880324.998477586
-1008950.0008052	880449.99938016
-1008824.99861572	880449.997922677
-1008700.00093071	880450.00055982
-1008574.99947374	880450.000065587
-1008450.00252137	880450.003662381
-1008325.00333476	880450.002363351
-1008199.99884153	880449.999685638
-1008075.00039025	880449.999333641
-1008074.99872687	880574.998054181
-1007949.99982423	880574.998475173
-1007824.99561541	880574.99751007
-1007699.99744753	880574.998866664
-1007574.99551141	880574.997073589
-1007449.99807948	880574.99935782
-1007324.99688037	880574.998487796
-1007324.99679544	880699.998380667
-1007199.99667504	880699.99651776
-1007074.9995205	880700.000485602
-1007075.00126153	880574.999978655
-1006949.99703544	880574.996862086
-1006949.99736864	880449.997064144
-1006825.00261226	880450.001324522
-1006700.00409224	880450.002419052
-1006699.99971102	880324.999410119
-1006575.0023941	880325.000645762
-1006449.99977953	880325.000466935
-1006450.00403352	880450.002332562
-1006325.00249586	880450.001146957
-1006199.99719759	880449.99678534
-1006200.00320883	880575.002151453
-1006074.99744749	880574.998537946
-1006075.00345101	880700.001727811
-1006075.00307887	880825.002325245
-1005950.00168114	880825.00163572
-1005950.0013018	880950.000060851
-1005950.00281429	881075.003130959
-1005824.99750711	881074.998134833
-1005699.99670031	881074.997193631
-1005700.00149079	881200.002034919
-1005575.00174362	881200.000091763
-1005449.99669545	881199.996715752
-1005324.99614643	881199.997390003
-1004824.99876969	880949.998344752
-1004700.00188578	880825.000541554
-1004575.00044999	880825.000921656
-1004449.99679598	880824.996340895
-1004449.99636207	880699.996788284
-1004325.00066019	880700.001295604
-1004200.00120429	880700.002590952
-1004074.99953247	880699.998919098
-1004074.99940967	880574.999452219
-1003949.99743523	880574.997618409
-1003824.99996835	880574.999808847
-1003699.99875094	880574.998777531
-1003699.99894182	880449.999400794
-1003574.99896343	880449.998448285
-1003450.00349423	880450.001513938
-1003325.00274034	880450.00310198
-1003199.99977612	880449.999707144
-1003075.00132176	880450.000324604
-1003075.00201859	880325.002153798
-1002950.00481071	880325.002838351
-1002825.00232187	880325.002034645
-1002824.99988536	880199.998907969
-1002699.99864671	880199.99816657
-1002575.00192105	880200.001428445
-1002450.00145342	880200.001444381
-1002449.99934163	880074.998419972
-1002324.99859268	880075.000241027
-1002324.99660559	879949.996211923
-1002199.99711313	879949.998086839
-1002200.00196742	879825.002052075
-1002075.00373257	879825.003979695
-1001950.00176111	879825.002650916
-1001949.99670454	879949.997571931
-1001825.00404274	879950.002427209
-1001824.99736668	880074.99698691
-1001950.00328039	880075.002685398
-1001949.99673009	880199.996243962
-1002075.00390438	880200.001988005
-1002075.00419897	880325.00354168
-1002074.99962538	880450.000787497
-1001950.00049315	880450.001191199
-1001824.99762021	880449.99833772
-1001699.99925836	880449.999476379
-1001574.99715685	880449.997353287
-1001449.99956658	880449.999218761
-1001324.99823772	880449.997817913
-1001200.00142023	880450.000402061
-1001200.00281731	880575.001262091
-1001074.99725487	880574.997276881
-1000950.00074565	880700.000003395
-1001074.9970226	880699.997794818
-1001075.00016957	880825.001269761
-1001199.99771705	880824.999084282
-1001324.9997717	880825.000884599
-1001449.9980855	880824.999417126
-1001450.0016091	880950.002968652
-1001575.00118891	880950.00153084
-1001699.99702543	880949.996830435
-1001699.99591703	881074.997159519
-1001825.00030517	881199.999064038
-1001950.0030299	881325.003485621
-1002075.00111198	881325.000640589
-1002074.99891988	881449.99967107
-1002199.99672112	881449.998614393
-1002325.00055979	881449.999813365
-1002325.00199174	881575.002862716
-1002449.99729766	881574.998599717
-1002450.00042785	881699.998874536
-1002575.00369674	881700.003660775
-1002574.99720131	881824.997403046
-1002700.00172114	881825.00223637
-1002700.00363922	881950.002203383
-1002699.99918039	882074.999600702
-1002699.99967361	882199.998183483
-1002574.99663175	882199.9980013
-1002449.99961939	882200.000085133
-1002324.99885026	882199.998925871
-1002324.99597749	882324.997850572
-1002200.00447288	882325.002929893
-1002200.00000012	882450.001513854
-1002200.00047969	882575.001291636
-1002199.99612913	882699.99675232
-1002075.00231565	882700.003263606
-1001949.99804066	882699.997515922
-1001824.99670993	882699.997527106
-1001700.00140426	882699.999798621
-1001699.99800644	882574.999167465
-1001575.00074718	882449.999798321
-1001575.00093928	882325.001086888
-1001574.99629303	882199.998065994
-1001574.99658916	882074.996248966
-1001574.99874728	881949.999131327
-1001449.99667938	881949.998036667
-1001325.00064448	881949.99919198
-1001075.00183945	881825.001403507
-1000949.99803596	881824.99778946
-1000950.00191199	881950.002825614
-1000824.99912506	881949.998169587
-1000825.0029143	882075.0011365
-1000825.0003169	882200.001548958
-1000950.00401982	882325.003152233
-1000949.99675667	882449.998239812
-1001074.99939161	882449.998224436
-1001075.0005506	882574.999550816
-1001200.002914	882575.001292917
-1001324.99810667	882699.997828898
-1001324.99809657	882824.998843913
-1001450.00145122	882825.002360091
-1001450.00163053	882950.002342046
-1001574.9980085	882949.998609275
-1001574.99838062	883074.997554873
-1001700.00271936	883075.002852167
-1001700.001745	883200.002507577
-1001824.99832736	883324.999173112
-1001825.00097039	883450.000736505
-1001950.00306674	883450.003829158
-1001949.99767361	883574.997081382
-1001950.00240147	883700.002296122
-1001950.00231535	883825.003193016
-1001825.00317171	883825.003076272
-1001700.00026186	883824.999708804
-1001700.00333317	883950.002540126
-1001574.99986899	883949.999921154
-1001575.00133889	884075.002439701
-1001574.99954237	884199.998894264
-1001450.00027071	884199.999282564
-1001449.99532982	884324.99717612
-1001325.00027207	884449.999680908
-1001324.99870074	884574.998478656
-1001200.00304267	884575.00263779
-1001074.99694957	884699.997028225
-1000949.99694946	884699.998680715
-1000949.99845283	884824.997404291
-1000824.99942098	884824.998064357
-1000700.00484934	884825.002734422
-1000699.99816063	884949.999658027
-1000574.99632448	884949.996057696
-1000449.99740317	884949.998210554
-1000325.00448537	884950.002622869
-1000199.99802703	884949.998226801
-1000074.99602872	884949.997831518
-1000074.99687247	885074.998053719
-999949.995832819	885074.996660254
-999824.999251437	885074.999265656
-999825.003195685	885200.001498431
-999699.997799001	885199.997568754
-999574.996859748	885199.997634586
-999575.002351588	885325.003631844
-999450.002363081	885325.002698756
-999324.9986077	885324.99847472
-999324.998962045	885449.999216218
-999200.002830916	885450.003021486
-999200.003097705	885575.001760054
-999074.998144049	885574.999024332
-999074.996777131	885699.997506567
-998950.000985306	885700.00105951
-998949.997982928	885824.99928903
-998949.999949915	885949.998767167
-998950.003795092	886075.002981542
-998950.002848023	886200.00289915
-998949.997111358	886324.998518859
-998950.004568202	886450.002678655
-998949.997475682	886574.996992239
-999075.000801192	886700.000019123
-999074.99742454	886824.996259552
-999200.004149515	886825.003663912
-999199.999510381	886950.00058006
-999324.999305277	886950.000633838
-999325.003170202	887075.003771434
-999325.002261768	887200.00260494
-999324.99658263	887324.997133228
-999449.998027104	887324.998041825
-999449.99931079	887450.000531111
-999449.997377121	887574.996969124
-999575.003620531	887575.002792775
-999575.000439906	887699.999894259
-999575.000711978	887824.999981224
-999700.003538523	887825.003424435
-999700.004118207	887950.002426159
-999699.998391791	888074.998861245
-999699.997674138	888199.99653545
-999575.001954019	888325.002750701
-999575.003086749	888450.0031758
-999574.999470633	888574.999289052
-999449.998384945	888574.998937474
-999450.001369344	888700.002119976
-999325.001177843	888700.000825338
-999325.002550508	888825.003781956
-999200.003250453	888825.001545137
-999074.998606092	888824.997766159
-999075.003047264	888950.002844483
-998949.999290972	888949.998122038
-998824.998396947	888949.999155542
-998824.997692656	889074.999061369
-998699.997682362	889074.999151205
-998575.002084064	889075.00325135
-998574.996229125	889199.997991376
-998450.001510435	889200.001148086
-998325.001446674	889200.002748938
-998324.998639237	889324.999636509
-998199.99945171	889325.000292643
-998200.003220067	889450.004285984
-998074.996704151	889449.996689962
-997950.001245714	889450.002148384
-997949.999847827	889575.00099643
-997824.997058092	889574.998200915
-997699.998675496	889574.999406423
-997574.9965006	889574.997300285
-997449.998732972	889574.999191612
-997324.997174103	889574.997766733
-997200.00002263	889575.00033576
-997074.999080979	889574.999584025
-996950.00254685	889575.002822635
-996825.002223605	889575.002735927
-996699.998112245	889574.999321122
-996574.998409066	889574.999890829
-996575.001355997	889700.001698348
-996450.002510753	889700.00131139
-996324.998325227	889699.999328974
-996200.000099448	889699.999587739
-996200.000928989	889825.000404957
-996075.002003563	889825.00144383
-995949.999291328	889824.999141619
-995950.003097836	889950.002179137
-995824.999682352	889950.000655314
-995700.00222442	889950.001368277
-995575.001090783	890075.002543476
-995449.99913868	890075.00068489
-995325.001589616	890075.002796718
-995200.000255052	890075.001554479
-995075.003323654	890075.004279101
-994950.002607821	890075.003645104
-994824.998108554	890074.999649711
-994699.998013115	890074.999615355
-994575.002321099	890075.003540759
-994450.002846777	890075.004098441
-994325.001144634	890074.999550205
-994200.002293099	890075.000691549
-994199.999802515	890199.998627784
-994075.000230812	890200.000530317
-993949.998861167	890324.997533032
-993825.002967008	890325.004147925
-993825.003253991	890450.002503779
-993700.000004551	890450.000814876
-993699.998595033	890574.999051619
-993574.996169985	890574.99638916
-993449.999638325	890699.998207768
-993325.000877173	890700.000253141
-993325.000669744	890825.000677289
-993200.00272539	890825.001750281
-993200.000814549	890950.002067483
-993075.003684223	890950.00216896
-993075.001623907	891075.000648967
-992950.00219441	891075.003246073
-992949.99998355	891199.999892312
-992825.001362118	891200.001519212
-992824.997444431	891324.998067923
-992699.999628296	891324.998725487
-992574.996473228	891324.997716469
-992575.00360577	891450.003941227
-992450.00125213	891450.001962091
-992450.000055543	891574.999026221
-992324.996944942	891574.997809485
-992325.002206119	891700.002130125
-992199.999891191	891699.99994479
-992200.003436566	891825.00418433
-992075.001914542	891825.001031265
-992074.997130715	891949.996116779
-991950.001454189	891950.002804046
-991949.99650992	892074.996082298
-991825.001619346	892075.001804213
-991700.000849423	892199.999767117
-991575.002955918	892200.001110061
-991574.997582958	892324.998427238
-991449.998912043	892325.000535036
-991450.003094957	892450.001676194
-991324.995478933	892449.997200259
-991200.00196263	892450.002272261
-991199.999258381	892575.000191021
-991074.996794035	892574.998677286
-990950.000264287	892574.999359782
-990950.000387326	892699.999684174
-990825.00151064	892700.002860277
-990700.000406319	892700.00087731
-990700.003348268	892825.003617113
-990575.001451437	892825.002396713
-990450.001522705	892950.002906264
-990324.996603132	892949.997283808
-990325.002174759	893075.000681365
-990199.996456049	893074.995820618
-990075.003265977	893075.002234048
-989949.998133807	893074.997847481
-989950.001329394	893200.000531699
-989825.003548391	893200.004263261
-989700.003541113	893200.002820691
-989574.998190715	893199.99965614
-989450.004107666	893325.003139245
-989325.003876088	893325.00291238
-989199.99986098	893324.999229716
-989075.000215327	893324.999451285
-988949.996787217	893324.996212523
-988824.997728688	893324.996874462
-988824.999995999	893449.999996682
-988700.000119808	893450.001409024
-988574.998021185	893449.997628961
-988449.998731512	893449.999470606
-988324.997220484	893449.99611575
-988325.001571383	893575.001069293
-988199.999237465	893574.998460549
-988075.001270595	893574.999743746
-987949.997964085	893574.999273448
-987825.00058433	893575.000967046
-987824.9988457	893700.000406246
-987700.002196434	893700.001118449
-987575.000207972	893700.000070261
-987450.002585413	893700.002905888
-987325.001184537	893700.002252515
-987325.00303782	893825.00184443
-987200.000802186	893825.00192902
-987074.996348852	893824.996796924
-987074.999354076	893950.000640556
-986950.003764172	893950.00189658
-986949.996836107	894074.998390949
-986950.003022464	894200.003703465
-986949.996343055	894324.997431185
-986824.999198714	894324.998804025
-986824.998867963	894449.999938117
-986700.000873321	894450.002054128
-986575.003023807	894575.002637777
-986575.000667017	894700.002120865
-986450.004085177	894700.002281129
-986450.001494711	894825.000082642
-986450.002322451	894950.001057438
-986324.999666316	894949.998832798
-986324.998697817	895074.999852561
-986199.996739262	895074.996653249
-986200.00366912	895200.00338268
-986075.000842449	895200.000931299
-986074.999402301	895324.998608399
-985949.995704761	895324.996904868
-985824.997917619	895324.997353271
-985700.002915185	895325.003393746
-985574.997561124	895324.996811935
-985450.003122969	895325.003203808
-985324.998335224	895324.996968304
-985199.996333391	895324.996315957
-985199.998955945	895449.999692257
-985074.997636938	895449.998060188
-984950.000664663	895450.00028945
-984949.997805296	895574.998895953
-984825.001511647	895575.000145716
-984699.9998736	895574.999582813
-984575.002581013	895575.002876657
-984575.001756156	895450.002288425
-984449.997791206	895449.997774732
-984324.998173776	895449.997113079
-984200.001340596	895450.002019962
-984200.001811115	895325.000929777
-984074.99831135	895324.99802131
-983949.999160752	895324.998958482
-983950.002254964	895200.003359078
-983824.996441339	895199.996476253
-983825.000046096	895074.999814908
-983700.002258103	895075.001612112
-983575.000697974	895074.999855415
-983450.003490184	895075.001935517
-983325.000949144	895075.002173428
-983324.995762804	895199.997701366
-983200.00358014	895200.002613979
-983199.99654582	895324.998238369
-983199.998567235	895326.839524033
-983200.002589491	895450.002760588
-983074.996149445	895449.997873312
-983075.001906408	895575.000782113
-983075.001376048	895700.001229929
-983074.99612388	895824.997499842
-983075.003953276	895950.002672917
-982950.000240155	895950.000522842
-982949.998102943	896074.998405911
-982949.999366958	896199.999511211
-982824.999177019	896200.000658239
-982825.000156259	896325.000161787
-982825.004538609	896450.002889837
-982825.002645386	896575.003155471
-982700.002279029	896575.002786369
-982700.000102139	896700.001455685
-982700.002897219	896825.001636083
-982699.999422102	896949.999353339
-982699.999357014	897075.000296853
-982575.001653972	897075.002730546
-982575.001306767	897200.002085638
-982574.996260435	897324.997261946
-982575.00273871	897450.003074108
-982449.996714147	897449.996619546
-982450.001344299	897575.002564706
-982450.002846699	897700.002617023
-982449.999657663	897824.998490068
-982325.003022255	897950.003114823
-982325.00140581	898075.00235774
-982324.996671183	898199.995706399
-982325.00189805	898325.001414421
-982325.002442398	898450.002942705
-982200.001627367	898450.002217998
-982200.001894305	898575.002178489
-982199.9974831	898699.997958716
-982075.000108526	898700.000606698
-982075.003523801	898825.002239284
-982075.00069534	898950.001406264
-982075.002865595	899075.002095756
-982074.998796002	899200.000318539
-981949.997437044	899199.996758486
-981950.001193269	899325.000843504
-981950.000281984	899450.000748384
-981824.99958172	899575.000650981
-981825.001830237	899700.002245256
-981699.999194193	899699.998062043
-981699.999596594	899824.999823611
-981574.995974905	899824.996412336
-981574.99610034	899949.996630954
-981449.999432946	900075.000095457
-981450.002718377	900200.002021177
-981325.00149263	900200.002798628
-981325.004499504	900325.003190359
-981325.001281404	900450.001116582
-981199.996909461	900449.996178211
-981200.001506559	900575.000001306
-981199.999881184	900700.001359288
-981074.998876607	900699.999851242
-981074.998544882	900824.997971484
-981075.000085299	900950.001055769
-981074.998553541	901074.998249618
-980949.995609597	901074.997119659
-980950.001890186	901200.000225449
-980950.001956627	901325.000865791
-980949.997384263	901449.997327489
-980825.002145616	901450.002311465
-980824.997297004	901574.997259524
-980700.002606035	901575.001324383
-980699.995906718	901699.996473804
-980700.002319643	901825.000603789
-980575.00129444	901825.002409975
-980574.997769614	901949.999311299
-980450.003139401	902075.001326591
-980450.001216347	902200.001698293
-980324.99753377	902199.996913696
-980325.003414075	902325.003227241
-980324.996586517	902449.997925416
-980199.996206968	902449.996622036
-980199.997182078	902574.997267637
-980200.001615698	902700.001178467
-980200.001429239	902825.00091316
-980074.999027079	902825.000057693
-980074.998562352	902949.998306241
-979949.99668017	902949.996546427
-979950.002438086	903075.002466605
-979950.003580579	903200.004211845
-979824.996895708	903199.998510882
-979824.997758606	903324.998778117
-979699.999662178	903324.999622159
-979699.998667462	903450.000125206
-979575.00107936	903450.000070424
-979574.999802708	903574.999102507
-979575.001991813	903700.001408741
-979574.999574532	903824.999540708
-979575.000626338	903950.00094686
-979449.997215134	903949.996640217
-979449.997987032	904074.99658266
-979325.001566172	904075.000544917
-979325.00047861	904200.000736805
-979325.002862312	904325.004206779
-979199.997212722	904449.997106373
-979200.002788332	904575.002401089
-979200.003769927	904700.00352224
-979200.000160181	904825.000468714
-979075.002676141	904825.002053805
-979074.99878766	904949.997551439
-979074.996798902	905074.998039346
-978950.002520789	905075.003183575
-978950.001832032	905200.000519396
-978950.003044452	905325.00284751
-978824.995833051	905324.996641859
-978824.996765903	905449.997530907
-978699.998087411	905449.997910037
-978699.998739484	905574.997363921
-978574.998945673	905574.998578503
-978574.997735298	905699.998308495
-978449.996910394	905824.996952258
-978449.998901629	905949.998544446
-978325.002739922	905950.002470721
-978325.004447603	906075.00263975
-978199.999098873	906074.999941386
-978199.998940959	906200.00039731
-978075.003683446	906200.002589254
-978075.003240121	906325.001628468
-977949.996480192	906449.996527173
-977824.997934672	906574.996616969
-977824.998824338	906699.997838574
-977699.99637759	906699.9978487
-977699.996979344	906824.997665023
-977575.003022933	906825.004283645
-977575.003335558	906950.002698577
-977450.00175922	906950.000986025
-977450.000199361	907074.999708303
-977324.997471027	907074.998841244
-977325.003671431	907200.003641302
-977200.001370675	907200.001915082
-977199.999228182	907324.997850217
-977074.995769043	907324.996970683
-977074.999799381	907450.000697698
-976949.998345664	907449.997255312
-976824.997878436	907574.998709289
-976699.999464986	907574.999952807
-976699.997530934	907699.997926333
-976574.999531938	907699.998313298
-976449.996543246	907824.997850691
-976325.001573389	907825.002920698
-976325.001707403	907950.002640709
-976199.999100561	907949.999374229
-976199.998931733	908074.997727374
-976075.003187742	908075.002790901
-976075.001129524	908200.001484636
-975949.997744567	908199.998210948
-975950.003422479	908325.003028129
-975825.000436244	908324.998900518
-975824.996181383	908449.996580382
-975700.000045525	908450.000787529
-975699.995483125	908574.997113928
-975574.999739027	908575.000469617
-975575.002906452	908700.002932951
-975575.001530841	908825.001240872
-975450.000784396	908825.000771172
-975449.999100297	908949.997733904
-975325.001607217	909075.002931192
-975325.003111131	909200.001887584
-975199.997735052	909199.996751147
-975199.997342459	909324.996072669
-975074.998789842	909324.999284851
-974949.999905651	909449.999642341
-974824.997876069	909449.998344352
-974824.999491361	909574.999529342
-974699.99783079	909574.997387496
-974575.000352151	909574.999069008
-974575.004278407	909700.003460231
-974449.997546592	909699.998503186
-974325.002812799	909825.003272049
-974200.000622675	909825.00129072
-974199.998500688	909950.000086966
-974074.996668826	909949.997261622
-973949.999014681	909949.998253778
-973949.999185325	910075.000278944
-973825.001884626	910075.000427746
-973699.999146195	910074.998590795
-973700.003189597	910200.002154947
-973575.000801062	910199.99947352
-973575.002925318	910325.00343905
-973450.000883789	910324.999913948
-973450.002676548	910450.002584735
-973324.999390103	910449.999915752
-973325.000850409	910575.001295097
-973324.997787837	910699.998532764
-973199.999032093	910699.997875248
-973200.002068557	910825.00303007
-973075.002058304	910825.003232848
-972949.998653414	910949.997264281
-972825.001551573	910950.002137007
-972825.000082491	911075.000082614
-972700.003308169	911075.004117819
-972700.001501575	911200.000788826
-972574.997035648	911199.996477166
-972575.001316472	911325.001084694
-972449.997173269	911324.995936264
-972325.003616218	911325.003801962
-972325.003713753	911450.002501956
-972200.002459639	911450.002019401
-972200.000623342	911575.001153997
-972074.9996845	911574.999835405
-972074.997504194	911699.997710875
-972074.998825864	911824.998966681
-971950.000772478	911825.001388936
-971950.001749386	911950.001391099
-971949.998219916	912074.997259016
-971825.003041847	912075.003430105
-971824.999168367	912199.998048245
-971699.998480496	912324.998459002
-971699.996176975	912449.996911843
-971574.997744531	912449.996799218
-971575.00310253	912575.001530803
-971450.003370329	912575.002289724
-971449.998781937	912699.999958352
-971324.999340097	912699.999893173
-971325.004002265	912825.002153744
-971200.003254205	912825.002961259
-971199.997969831	912949.998162893
-971074.997506104	912949.998147892
-971074.999875405	913074.999645447
-970949.99969261	913074.998809444
-970950.00011675	913200.000777685
-970949.997644278	913324.996921634
-970825.000283615	913324.99986884
-970824.995866289	913449.996487111
-970700.002008229	913575.001547147
-970574.998472228	913699.998744063
-970450.002846405	913825.001445801
-970324.995370457	913824.996987876
-970324.997536448	913949.996290007
-970199.998317626	913949.998549438
-970075.003228783	913950.004603721
-969949.99674209	914074.997496982
-969824.998043564	914074.998996358
-969700.003473658	914075.004286463
-969699.998101941	914199.99829125
-969575.003782732	914200.002766667
-969449.996011113	914199.99765031
-969450.002379317	914325.00093506
-969325.002846586	914325.002539192
-969324.99925909	914449.998795271
-969199.999970555	914449.999584363
-969075.003359245	914575.003865256
-969074.999032071	914699.997762984
-968949.998626232	914699.998616432
-968825.002341851	914700.003253028
-968825.000147717	914825.000613129
-968699.996110339	914824.996894786
-968700.001527484	914950.000628778
-968574.996124578	914949.997788034
-968449.996437657	914949.997036206
-968325.000869382	914950.000062761
-968325.004513908	915075.002685232
-968199.999590284	915074.999043491
-968074.998784398	915074.999176811
-967950.002095796	915075.003083962
-967825.003139354	915075.001527793
-967824.999503095	915200.000153786
-967699.999169581	915199.999469689
-967575.002951992	915200.002555309
-967575.003007557	915325.00299648
-967449.999025848	915324.997716273
-967324.997561611	915324.997891199
-967325.001301578	915450.000157261
-967200.000048907	915449.999514586
-967075.002909343	915450.002636431
-967075.000750527	915575.000874084
-966950.003818148	915575.003178464
-966825.003021192	915575.001692496
-966825.002934006	915700.003460998
-966700.001850984	915825.00180043
-966699.996893772	915949.998343698
-966574.998966754	915949.999888014
-966575.001580341	916075.002866605
-966450.003848082	916075.003597302
-966449.99808567	916199.997902601
-966450.003804522	916325.003223044
-966325.000751292	916325.000255981
-966324.998095367	916449.996906398
-966199.998539656	916574.99791561
-966075.002227437	916575.002574546
-966074.997161779	916699.998696455
-965950.001029681	916700.002547363
-965825.002627817	916700.000908339
-965824.999602629	916825.000610504
-965699.999777556	916824.999848429
-965575.004049105	916825.002841225
-965574.996690923	916949.996883652
-965449.999534434	916950.000752872
-965449.999727842	917075.001268459
-965449.997069906	917199.996005188
-965325.002518525	917200.003758572
-965324.997846556	917324.999093736
-965199.997097041	917324.996790952
-965199.999973301	917449.998610062
-965074.997783872	917449.997187734
-964949.996611423	917574.997386275
-964824.998668032	917574.998910485
-964825.003136222	917700.003276683
-964699.997387405	917699.996427203
-964575.002082045	917700.002579924
-964575.002193955	917825.001326079
-964449.999080054	917824.999103457
-964325.000051177	917825.000625763
-964200.003272802	917950.003733615
-964075.000517098	917950.00062064
-963950.001845044	917950.001248488
-963950.001993417	918075.002744774
-963825.003461759	918075.00256729
-963825.003177808	918200.003012036
-963700.003181044	918200.003712183
-963700.002463768	918325.003108633
-963575.002601294	918325.003004988
-963575.001449913	918450.001356387
-963450.001718783	918450.000449938
-963449.998529298	918574.999441067
-963324.998926569	918574.997732586
-963325.003250121	918700.003265841
-963325.004741673	918825.003037787
-963325.00019682	918950.000409957
-963199.999161052	918949.998093496
-963200.002128622	919075.002015349
-963200.000666605	919200.00185666
-963199.996382211	919324.995935223
-963075.001843913	919325.000609854
-962950.00182186	919325.003119057
-962949.999488019	919450.000907628
-962825.001179694	919450.000944502
-962699.997387988	919449.998811076
-962699.998601724	919574.998638195
-962575.00285819	919575.003299956
-962450.0032356	919575.004107323
-962324.999735007	919575.001057564
-962324.998920199	919700.000089565
-962200.003460881	919700.003835468
-962074.996183062	919699.99613046
-961950.000908032	919699.999742872
-961949.998050238	919824.997993525
-961825.001264107	919825.002490423
-961700.002205588	919825.001441686
-961574.997664936	919824.99820176
-961575.002291942	919950.001600038
-961449.99784149	919949.99756304
-961324.997450941	919949.997246201
-961200.001119834	919950.000648298
-961200.003672208	920075.003296016
-961074.999490369	920074.998304977
-960949.997761215	920074.998707172
-960950.003808006	920200.003453787
-960825.002159014	920200.003057728
-960699.99824015	920199.997100587
-960699.998235273	920324.998034361
-960575.000719102	920325.000553632
-960575.000244764	920450.000514041
-960450.002801363	920450.002236152
-960450.001856772	920575.001226425
-960325.002876472	920575.003828439
-960325.001460608	920700.001851797
-960200.002546936	920700.003658173
-960200.000659003	920825.000717843
-960200.002285254	920950.001320162
-960074.997840833	920949.99950441
-960074.99899469	921074.999147862
-959950.004142781	921075.002469152
-959950.003215358	921200.002832934
-959949.997879308	921324.99913704
-959824.997483595	921324.998844814
-959825.001206971	921450.000128724
-959699.999253075	921450.000724133
-959700.002501624	921575.001060981
-959575.000594591	921575.000869569
-959450.004335847	921575.002711152
-959325.002586631	921575.002324161
-959199.996956451	921574.998031092
-959074.996975191	921574.995766001
-958949.999425484	921574.998875693
-958824.997995953	921574.998073131
-958700.000606509	921575.000967788
-958574.999338343	921574.999945743
-958574.998578513	921699.997197301
-958449.995737817	921699.997052394
-958324.998544488	921699.99892759
-958324.999593038	921825.000054847
-958200.002430895	921825.001134984
-958075.004238845	921950.00330279
-957950.001616793	921950.001334312
-957949.996050115	922074.997817121
-957950.003516682	922200.003818451
-957824.996907939	922199.996571848
-957825.002263525	922325.003337925
-957700.00358663	922325.00291797
-957700.000527984	922450.001160541
-957575.000257208	922450.001621021
-957449.997715536	922449.996476515
-957324.997593804	922449.996688228
-957200.00150152	922450.00058366
-957075.001529506	922450.000539007
-956949.997678821	922449.99655154
-956824.996248239	922449.997912107
-956825.00020747	922574.998887091
-956699.998783233	922574.999450374
-956575.002997331	922575.002019883
-956450.003410308	922700.002750252
-956325.002137635	922700.002239527
-956325.00330237	922825.001804851
-956200.002028137	922825.000496221
-956075.003168531	922825.004527292
-956074.999780094	922949.998750953
-955950.000914247	922950.001984003
-955824.999780966	922949.999587737
-955824.998125052	923074.99777479
-955700.003271812	923075.00387888
-955574.99825086	923074.996719296
-955574.998318929	923199.998878972
-955449.999572824	923200.000219915
-955450.000718661	923324.999854985
-955325.001954907	923325.000398753
-955325.000954896	923450.000847561
-955200.002170508	923450.000594905
-955200.000635117	923575.000193075
-955200.002605102	923700.003400934
-955074.998143355	923699.999562605
-955075.00118998	923825.000257685
-955074.998237189	923949.998594275
-954949.997597808	923949.997145592
-954825.000969879	923949.999360038
-954825.001329897	924075.000040448
-954700.003053318	924075.003131326
-954699.998847376	923949.999263935
-954699.998147357	923824.999013121
-954574.996760991	923699.997904765
-954449.996585033	923699.997086523
-954449.996810083	923574.996035578
-954324.996804247	923574.995686401
-954199.999202698	923575.000653967
-954074.999336931	923574.999966437
-953950.003487478	923575.002926832
-953825.002151028	923575.003558041
-953699.998552536	923574.998527648
-953699.996085504	923699.997448258
-953575.000339331	923699.999251283
-953449.999106584	923699.998718337
-953449.999910896	923825.000012632
-953324.998635901	923824.998671301
-953324.998875355	923949.999151326
-953325.002608364	924075.003265988
-953325.001949785	924200.003370437
-953324.99851556	924324.997799704
-953324.9969674	924449.997526892
-953449.99648947	924449.996494715
-953450.004116185	924575.002633871
-953449.997861759	924699.998777078
-953449.996726592	924824.996888623
-953449.999098173	924949.998633124
-953449.997094385	925074.996362429
-953449.998600705	925199.997724664
-953575.002839412	925200.004033722
-953574.99776928	925324.996502004
-953700.002182639	925325.003252626
-953699.99680693	925449.996137551
-953700.001216177	925575.001966008
-953575.002827339	925575.003310359
-953450.00054826	925575.000661688
-953325.002260757	925575.00166863
-953200.000084115	925574.998678113
-953200.004052334	925450.002930185
-953074.997840701	925324.997389858
-953074.997137151	925199.998046302
-952949.9993873	925200.0003502
-952949.999992497	925074.999764675
-952825.002425895	925075.002496849
-952825.002722698	924950.002334953
-952824.998640749	924824.998163828
-952824.998059601	924699.997634154
-952825.000978079	924575.0007454
-952700.001649178	924575.00024998
-952699.996366118	924449.996142871
-952700.002461065	924325.003327297
-952699.99789614	924199.997194592
-952700.003093626	924075.004015137
-952699.997625422	923949.997520755
-952700.003530098	923825.002315788
-952575.001065497	923825.00151138
-952450.004227029	923825.002673271
-952449.998078209	923949.996637037
-952324.999574561	923949.998645747
-952199.997199997	923949.996632398
-952074.998837784	923949.998243622
-951949.996605766	923949.995828356
-951824.998386179	923949.997034238
-951700.002565956	923950.003521099
-951699.997520546	924074.999096681
-951575.003251218	924075.003102487
-951449.99562083	924074.997082135
-951450.001666401	924200.002743423
-951325.003462784	924200.001894148
-951324.999420267	924325.000787018
-951199.999535232	924325.000778107
-951199.996508978	924449.997237412
-951074.99655256	924449.996409452
-951075.000804255	924574.999754865
-950949.99915925	924574.999769041
-950950.002810753	924700.002349213
-950825.00108763	924700.001546331
-950825.004138104	924825.003364439
-950700.002333861	924825.001745457
-950700.00316812	924950.00446396
-950575.001279753	924950.002029619
-950450.003391523	924950.003205784
-950449.999535371	925075.000743449
-950325.001558526	925075.00110457
-950199.998095365	925074.999070931
-950075.000245495	925074.998985109
-950075.003341838	925200.002251357
-949950.003783092	925200.003007594
-949825.000353236	925199.999704103
-949700.000920698	925200.000002563
-949700.001468581	925325.003009502
-949575.001936763	925325.002490014
-949449.998534476	925324.997904677
-949450.002233058	925450.00342553
-949324.998728014	925449.998021509
-949325.00180573	925575.002813239
-949199.996579487	925574.998248156
-949074.996961602	925574.995622796
-948950.00183412	925700.00115825
-948825.004480755	925700.002966537
-948824.998105583	925824.997487056
-948699.99902136	925825.000133598
-948574.997681813	925824.997044943
-948575.002292623	925950.001783838
-948449.999218001	925949.999532771
-948325.000131429	925950.000870896
-948199.997174307	925949.99812329
-948200.000789879	926075.001014542
-948074.997708573	926074.997447346
-947949.998613904	926074.997465292
-947949.995862396	926199.996905624
-947824.996639035	926199.996104073
-947699.999783813	926200.000539869
-947575.000674779	926199.99922616
-947574.996904286	926324.996843612
-947449.996044835	926324.996362634
-947324.998485789	926449.999668495
-947200.001470665	926450.001945831
-947200.000139243	926575.001470508
-947075.002982179	926575.002928294
-946950.000337299	926575.001933651
-946950.003699299	926700.002411967
-946825.000908771	926700.000596817
-946825.002000536	926825.002053477
-946699.999061338	926824.999418552
-946575.000099482	926825.000356024
-946449.997267165	926824.997180094
-946324.99841227	926824.997573159
-946200.001916703	926825.003185456
-946075.003169443	926825.003026581
-946074.998644786	926949.997232028
-945949.998122567	926949.997900011
-945825.001575872	926950.002131315
-945825.000094373	927074.998980008
-945700.003385292	927075.002387553
-945575.002807077	927075.001667342
-945449.998360809	927074.996816666
-945324.996271151	927074.997172958
-945325.000239698	926950.000837869
-945200.000042173	926949.999793662
-945075.003820408	926950.002302571
-944950.0021155	926950.00232142
-944950.001401289	927075.000887656
-944824.999527397	927075.000073411
-944700.001627842	927075.002807806
-944574.999863629	927075.001396356
-944574.998010176	927199.998258253
-944450.003909468	927200.003706667
-944324.998106698	927199.997311
-944200.002495584	927200.003801023
-944199.999487988	927324.998973864
-944074.995860703	927324.996932743
-943949.997823402	927324.996784245
-943825.002138629	927325.001822408
-943824.996343781	927449.996968212
-943700.000473253	927450.001170031
-943575.000738929	927450.001209985
-943449.99714189	927449.997085361
-943449.997995451	927574.998270936
-943325.002039961	927575.001008066
-943325.002186964	927700.001588397
-943199.996587769	927699.997433876
-943075.004404594	927700.002866437
-942949.998909488	927699.998070823
-942824.99738161	927699.996802795
-942699.999820478	927699.999061167
-942574.99839797	927699.997140638
-942449.999323141	927700.000388
-942324.998007201	927699.997806953
-942199.99903902	927700.000389969
-942199.998863543	927574.998955408
-942075.000207835	927575.001715065
-941949.999313514	927574.99863984
-941825.000768832	927575.000721888
-941699.998367738	927574.998608663
-941699.997500899	927699.998000534
-941575.002716193	927700.002742474
-941450.004074644	927700.003285764
-941324.999958192	927700.001270613
-941324.997822089	927824.999076192
-941200.002934079	927825.002273749
-941075.002570515	927825.002909051
-940949.998351845	927824.999336468
-940824.998098967	927824.999265051
-940700.001811397	927825.002693616
-940575.001669885	927825.0019082
-940449.997675519	927824.996906097
-940324.996027742	927824.997039568
-940199.999964792	927824.999024857
-940074.998430792	927824.998428106
-939950.000862337	927825.00132075
-939950.001413638	927950.002923844
-939824.995802546	927949.997236036
-939700.001970647	927950.002751661
-939574.99647369	927949.996318913
-939450.002754956	927950.001087234
-939325.003566776	927950.003259599
-939200.00052982	927950.001193432
-939200.002775641	928075.003660866
-939074.999503469	928075.000724793
-938950.00019407	928075.001266265
-938949.997462214	928199.998860335
-938824.997913048	928199.998532205
-938700.002324661	928200.0016798
-938575.001267705	928200.002217536
-938449.9979833	928199.996866242
-938324.997040303	928199.996622783
-938200.000058243	928199.999847861
-938074.999229889	928199.99881573
-937950.00236255	928200.001248758
-937825.000030033	928200.001056998
-937700.003278627	928200.00268999
-937575.001063174	928200.001693366
-937449.999837093	928324.99981746
-937325.001327631	928325.001397558
-937199.998974795	928324.998705151
-937075.002353581	928450.003055999
-936950.003699747	928450.00293522
-936824.999582751	928450.000170934
-936700.001361437	928575.001388508
-936575.000936761	928575.001189809
-936449.996670032	928574.99670603
-936325.004158031	928575.003401065
-936199.998386071	928574.999707815
-936074.998191745	928574.997822516
-935950.000333227	928575.001011729
-935950.003708043	928700.002619568
-935824.997779028	928699.997184717
-935700.003600244	928700.002923958
-935700.000293315	928825.001374306
-935574.998041034	928824.998488014
-935449.999742284	928824.999037615
-935449.999162395	928950.000441656
-935325.000580276	928950.00010241
-935199.996536805	928949.997089993
-935074.996445436	928949.997509036
-934950.000305678	928950.001358363
-934825.000327064	928950.000895781
-934699.996510692	928949.996118588
-934575.002814178	928950.004139307
-934449.999112915	928949.998468141
-934324.997742665	928949.997849041
-934200.000324267	928950.000649701
-934074.999070421	928949.999124863
-933950.001768502	928950.001016418
-933950.000407481	929075.000907791
-933825.002806727	929075.001898875
-933699.99974965	929075.000188017
-933575.000643065	929075.001889121
-933449.997702839	929074.999253854
-933324.998713187	929075.000027188
-933199.995891028	929074.996459768
-933074.997019522	929074.99629759
-932950.000476636	929075.001167791
-932825.000102424	929075.001690742
-932699.99751953	929074.996235877
-932700.003685001	929200.003384417
-932574.999169275	929199.998646822
-932449.998602846	929199.997306685
-932449.999622773	929324.99974511
-932324.998740473	929324.997494456
-932200.000183485	929325.000266456
-932199.997674796	929449.99637452
-932074.998797138	929449.998236086
-931950.003864761	929450.003491072
-931824.997326741	929449.996627511
-931824.999320387	929575.000874152
-931700.000231854	929575.000853962
-931574.997313523	929574.996466252
-931449.996717193	929574.997091475
-931324.997737953	929699.998197321
-931200.00075249	929700.001294442
-931074.999937933	929700.000015877
-930950.003065866	929700.002118974
-930949.999052818	929824.998005062
-930825.000219776	929825.000817631
-930699.99918116	929824.997623651
-930575.00046074	929824.999431508
-930575.002514467	929950.001885868
-930450.003450108	929950.002777299
-930325.000557993	929949.999280512
-930200.001940845	930075.000434089
-930075.001016042	930075.001016043
-929949.996264153	930074.997203297
-929825.003214581	930075.00452563
-929699.998574382	930074.999683166
-929574.997872428	930074.998206194
-929450.001108229	930075.000093554
-929324.998895981	930074.999197776
-929200.000621564	930075.001662546
-929200.002662395	930200.002028762
-929075.00402742	930200.003568965
-928950.001568356	930200.000697575
-928825.001422176	930200.002803861
-928699.999076557	930199.998872863
-928700.002800805	930325.001601763
-928574.998465355	930324.998363817
-928449.998064851	930324.99847803
-928325.001598799	930325.00194324
-928325.003527978	930450.003564487
-928199.998933264	930449.998327344
-928075.002701226	930575.001242105
-927950.000039311	930575.0000441
-927825.001308883	930575.002192054
-927825.002100181	930700.000792155
-927700.002988384	930700.00201156
-927575.000054075	930699.998797036
-927449.999425431	930700.000543208
-927324.996599798	930699.996232161
-927199.996079909	930699.996878031
-927200.002980424	930575.002466093
-927075.002957563	930575.002940361
-926949.999116108	930574.998968846
-926950.00250348	930450.001516504
-926824.997539411	930449.998985623
-926699.998132684	930449.998166358
-926574.997482216	930324.99829183
-926450.000891336	930325.00223302
-926325.000486303	930325.00171658
-926325.001173143	930200.002459852
-926200.001278759	930200.00175353
-926074.997572958	930199.996584196
-925949.996180416	930199.996347871
-925949.997684019	930074.998326637
-925824.996807709	930074.997892418
-925699.999869265	930075.000770817
-925574.999122227	930074.999177056
-925450.002313134	930075.000892579
-925325.000073313	930074.999746581
-925200.001771519	930075.001906098
-925074.999663437	930074.999584305
-924950.001493461	930075.000564693
-924824.997895064	930074.998673539
-924699.99985814	930074.998466894
-924575.004135619	930075.003171636
-924449.996868026	930074.995596017
-924324.999656586	930075.000715307
-924324.997647478	930199.996162018
-924200.00003162	930200.000311754
-924074.998612505	930199.999962908
-923950.002753219	930200.001291007
-923949.997152586	930324.997371262
-923824.999260287	930324.999341036
-923699.99756541	930324.996806205
-923574.999957595	930450.00046535
-923450.001782458	930450.000244112
-923324.998181484	930449.997123755
-923325.002309525	930575.001726743
-923199.99828962	930574.997633422
-923074.998201627	930574.996820681
-922950.000420884	930575.000898221
-922825.000463127	930574.998845949
-922700.002812703	930575.001680199
-922575.00136226	930574.999990919
-922450.002219232	930575.003183966
-922325.000901503	930575.000238937
-922324.999072139	930450.000074939
-922199.99831758	930449.996849162
-922074.999872337	930449.998499031
-921949.996007089	930449.997222666
-921824.99769912	930449.997599539
-921700.001700046	930450.002846499
-921575.001906109	930450.003551673
-921575.000275016	930325.000112114
-921450.00105492	930325.000520257
-921324.99641899	930324.997989263
-921324.99909523	930199.999292376
-921200.002763747	930200.004261159
-921075.004265335	930200.003070435
-920950.000354106	930199.998932896
-920824.998756168	930199.999648838
-920700.002718033	930200.002002612
-920575.001268282	930200.001402476
-920450.003754911	930200.004043782
-920450.000081761	930075.001715068
-920325.003158296	930075.004035084
-920200.002449523	930075.001787029
-920074.996333275	930074.99657405
-919950.001877396	930075.002400596
-919949.997457124	929949.996089106
-919825.001975304	929950.003189306
-919699.996612939	929949.996299507
-919575.001288454	929950.002049196
-919450.002182668	929950.003216925
-919450.003128089	929825.002333322
-919325.004626682	929825.003158655
-919200.000723885	929825.001000972
-919075.000762625	929825.002062085
-919075.002698084	929700.002364702
-918950.003346818	929700.003075446
-918825.000219816	929699.999191415
-918699.999413417	929700.000123615
-918700.002344489	929575.001613545
-918575.002153697	929575.002187401
-918449.998189978	929574.998159035
-918324.998171187	929574.997337026
-918200.000474411	929575.001322798
-918075.000628334	929574.99909758
-917950.003104352	929575.001676398
-917825.000187413	929575.001244142
-917824.998552551	929449.997443694
-917699.996264104	929449.996633445
-917574.997921863	929449.999018237
-917449.99581189	929449.996782606
-917324.997648208	929449.997738712
-917200.003430318	929450.001885421
-917075.003823711	929450.003006316
-916950.000451713	929449.999497686
-916824.99940398	929450.000773913
-916699.998408265	929574.998974042
-916575.000843725	929575.002382877
-916450.001136949	929574.999554602
-916325.002129861	929575.003104548
-916200.000981709	929575.000413052
-916075.002155745	929575.002496319
-915949.999567475	929574.999932883
-915825.000923893	929575.000541623
-915699.996896766	929574.998097531
-915574.998436823	929574.997223898
-915450.002298734	929575.001115766
-915325.000778318	929575.001947737
-915199.997121534	929574.996521827
-915075.003489865	929575.003679508
-914949.998397458	929574.998348183
-914824.997250075	929574.996174968
-914699.9984248	929574.998755186
-914574.995843141	929574.996664115
-914449.997206087	929574.997726289
-914325.00251314	929575.001940582
-914200.00244261	929575.003073192
-914074.998618047	929574.999525428
-913949.998738263	929574.999123889
-913825.002802754	929575.001867447
-913824.998905585	929449.997393476
-913700.00203001	929450.001264333
-913575.001403271	929450.000445745
-913575.001898427	929325.000728988
-913450.000335859	929325.001031998
-913325.004342867	929325.002876529
-913200.002979561	929325.001618462
-913074.996247079	929324.997254468
-912950.002779184	929325.002259107
-912824.996248408	929324.996321231
-912699.997670259	929199.996148918
-912575.001857842	929200.002271816
-912450.002301144	929200.003684025
-912450.003013892	929075.003251733
-912324.9964671	929074.996333067
-912200.001564079	929075.000366105
-912075.001298069	929075.001273346
-911949.997291749	929074.997459805
-911824.9972367	929074.996758741
-911699.999510878	929075.000760245
-911574.999667513	929074.998443574
-911450.002153463	929075.000825752
-911324.999279973	929075.000067003
-911200.001978965	929075.000821822
-911074.999319701	929074.998430964
-911074.997399894	929199.997944758
-910950.001919385	929200.00228461
-910825.002701735	929200.001884932
-910699.998126325	929199.998332519
-910699.996431973	929074.99735547
-910575.000268399	929075.001107086
-910450.000370524	929075.00011176
-910325.002801808	929075.003797762
-910200.001499977	929075.002732075
-910074.996466172	929074.996912027
-909950.003065964	929075.002022298
-909824.996630664	929074.99611868
-909700.001827952	929075.001142703
-909575.001672999	929075.002991847
-909449.999410033	929074.998488211
-909324.999476579	929074.998650178
-909200.001872133	929075.003475973
-909075.002160905	929075.00194326
-908949.997100958	929074.997222856
-908949.998084737	928949.998141318
-908825.001453781	928950.000692882
-908699.999476026	928950.000051587
-908574.996007719	928824.996664627
-908449.998739148	928824.998506461
-908324.996126845	928824.997147384
-908199.997468608	928824.998848821
-908075.002763929	928825.003609653
-907949.996663412	928824.995726979
-907825.000570436	928825.000335259
-907825.003755442	928950.002923726
-907699.999454424	928949.9985381
-907574.997484791	928949.998789427
-907575.004145029	929075.003480967
-907450.001636363	929075.00258989
-907324.995407706	929074.996895057
-907324.996243238	929199.997428722
-907199.997142082	929199.998445809
-907075.001989546	929200.002511953
-907074.998616591	929324.997311651
-906950.001293701	929325.001819154
-906825.000249971	929325.001515903
-906700.00315341	929325.004257401
-906575.002337205	929325.002183846
-906449.996180522	929324.996874621
-906449.999045092	929199.999444992
-906325.001338449	929200.001361644
-906199.999915015	929199.998455852
-906199.997983206	929074.999505789
-906074.997347879	929074.995961643
-905950.001601194	928950.00284039
-905825.004086494	928950.003266804
-905700.001238201	928950.00044148
-905700.002246018	928825.001571685
-905574.99857278	928824.999678263
-905450.000474599	928824.999227105
-905449.998310023	928699.997261547
-905324.997770017	928699.999317133
-905200.002805973	928700.002811211
-905075.002513344	928700.00304036
-904949.998514168	928699.998421826
-904950.002202896	928575.001733894
-904824.997390561	928574.998030159
-904699.996535618	928574.997336285
-904574.999637561	928574.999651163
-904449.997415198	928574.998687911
-904449.999309378	928449.999413312
-904324.997902051	928449.997774654
-904200.000453331	928449.999138396
-904199.99756675	928324.998349826
-904074.999316626	928325.000611043
-904074.998029913	928199.998834818
-903950.000601002	928200.000413236
-903949.999291493	928074.999229585
-903825.001066162	928075.001700525
-903824.999731864	927950.001111551
-903700.00233229	927950.002894955
-903575.001238613	927949.999802823
-903574.996740091	927824.996131676
-903450.002515889	927825.001788831
-903325.002979938	927825.00414234
-903200.001372113	927825.000036121
-903075.000492518	927825.002063534
-902949.997542255	927824.997626934
-902824.996939676	927824.997743679
-902700.000303633	927825.0008365
-902699.999967998	927699.999269478
-902575.002555085	927700.003225884
-902450.001455065	927700.002285227
-902324.996096904	927574.997553805
-902199.999813661	927574.998862561
-902074.998227259	927574.996841737
-902075.002161956	927450.002740125
-901950.001427568	927449.999994268
-901825.003046098	927450.001783139
-901699.999364566	927450.000233978
-901575.00127346	927450.000067901
-901449.997883498	927449.996559072
-901324.996846646	927449.997576737
-901200.001399806	927449.999973359
-901074.999036661	927450.000592904
-900950.002263623	927450.002588163
-900825.000194194	927450.001228519
-900700.002096263	927450.0028138
-900575.000321855	927449.999467223
-900450.000900334	927450.000633913
-900324.997803545	927449.996864027
-900199.997059742	927449.997603297
-900075.000287117	927450.001279036
-899949.999840484	927450.000011867
-899825.001746421	927450.00324842
-899824.997334346	927574.996198963
-899699.998653948	927574.998196475
-899700.00039885	927699.999182962
-899575.001385115	927825.001089447
-899450.001521486	927825.000612654
-899324.996364305	927824.996752941
-899200.002813645	927825.003703551
-899199.999342842	927700.000862101
-899074.999043135	927699.999138489
-898950.00109216	927700.001907441
-898824.99946993	927699.999714451
-898824.99748262	927574.997938373
-898700.002777033	927575.004398286
-898574.996763895	927574.998007039
-898575.000953973	927449.999448617
-898450.001861165	927450.001705354
-898324.999101666	927449.998989722
-898324.998593795	927324.998903643
-898200.004376761	927325.003262976
-898074.997239452	927324.996327571
-898075.001290592	927200.001032629
-897950.001080946	927200.002734707
-897824.998827452	927199.997886997
-897699.998930407	927199.997507655
-897575.001389301	927200.001594931
-897450.000187342	927200.000693098
-897449.999617781	927074.99902435
-897324.99771612	927074.998859781
-897200.001408456	927075.000022613
-897074.998206733	927074.999320813
-896950.000599104	927074.999943185
-896949.99687105	926949.997183625
-896824.998571288	926949.998531677
-896700.002630866	926950.00433068
-896574.997021593	926949.995668796
-896449.99978616	926950.000908507
-896450.002057532	927075.001242885
-896446.39335506	927078.612879777
-896324.997299075	927199.997858896
-896325.002670763	927325.001211021
-896325.001831972	927450.002605351
-896324.998022591	927574.998911994
-896200.002666034	927575.003355576
-896199.998925379	927699.998315345
-896199.998226754	927824.997646537
-896200.000571292	927950.001349599
-896199.999954615	928074.999964299
-896074.997818246	928074.99858626
-896074.997273711	928199.995860946
-896074.998156838	928324.99907273
-895950.00003421	928324.998621766
-895950.000989101	928450.000498649
-895949.997371467	928574.998850915
-895950.000047358	928699.998450156
-895824.998088182	928699.997920564
-895824.9992176	928824.997754051
-895700.003812582	928950.003945211
-895575.000209701	929074.999660912
-895450.003916831	929075.003282066
-895450.002021371	929200.002274066
-895449.997187558	929324.996178958
-895325.003245922	929325.002323602
-895324.996863357	929449.99647581
-895200.002257578	929450.001376423
-895200.003562178	929575.002123418
-895074.999052101	929574.999436354
-894949.998484699	929574.999634799
-894825.001859456	929575.00271766
-894825.001621676	929700.001808858
-894699.99671135	929699.995738212
-894575.001730843	929700.002020673
-894574.996942447	929824.995686366
-894450.001283715	929825.000724973
-894450.002545254	929950.00256907
-894324.998595493	929949.998453068
-894324.99991847	930074.999006991
-894200.002893205	930075.001561319
-894200.002653177	930200.002389622
-894074.997332701	930199.995789266
-893950.001929548	930200.001541721
-893825.002853464	930200.002256188
-893699.998482116	930199.999489816
-893574.996970733	930074.99717732
-893449.997491876	930074.996355378
-893450.00247607	929950.004017956
-893325.002334192	929950.00382515
-893199.998525151	929949.998581319
-893200.002232423	929825.001494559
-893074.997765227	929824.996873928
-892950.003217662	929825.004589805
-892824.999024741	929824.997771769
-892699.995525302	929824.996927266
-892574.997587378	929824.997380388
-892450.001964751	929825.00224594
-892325.000181029	929949.998879423
-892199.998570827	929949.998973411
-892200.003694896	930075.00247969
-892200.002637549	930200.004043074
-892074.997303086	930199.997208497
-892074.996269125	930324.99752655
-892074.999902356	930450.000710451
-891949.996810375	930449.996433626
-891949.998843085	930574.999934453
-891949.997950312	930699.998378015
-891824.997090577	930699.996667355
-891825.00219241	930825.003357592
-891700.000610202	930825.000396676
-891699.99814157	930949.997928233
-891575.001801945	930950.003201542
-891574.999356343	931074.999503999
-891450.002286571	931075.003529874
-891449.999863571	931199.998606572
-891325.002060463	931200.00138612
-891324.998034168	931324.996796058
-891199.999494541	931324.998330168
-891075.002172669	931450.002297769
-890949.99759567	931449.999059783
-890949.996539113	931574.995874831
-890824.998805012	931574.99932507
-890824.996139322	931699.996485543
-890699.997656788	931699.998692931
-890700.0025921	931825.002582252
-890575.003357375	931825.003548411
-890574.999096418	931949.999854613
-890574.999516652	932074.999046806
-890450.002443444	932075.002623491
-890450.001252183	932200.002172189
-890449.997163006	932324.996670752
-890450.003714122	932450.003549632
-890449.998163238	932574.998993093
-890449.997302691	932699.997323851
-890325.00268925	932825.004298691
-890324.997335441	932949.997941462
-890325.002626807	933075.00396875
-890324.997459313	933199.997001566
-890325.002939708	933325.002419764
-890324.996338341	933449.996395162
-890199.996830691	933449.997409833
-890199.997832895	933574.998146729
-890200.00190932	933700.003328423
-890074.99856569	933699.997506243
-890075.002669303	933825.001511312
-889949.996903261	933824.996031387
-889949.999403358	933950.000416414
-889825.000413373	933950.00167347
-889824.99699734	934074.995387726
-889699.998127257	934199.999037884
-889699.996186643	934324.997587669
-889699.998957989	934449.999034939
-889699.997243061	934574.996982297
-889574.999361111	934574.997991186
-889574.996044214	934699.996330523
-889574.997444239	934824.997568815
-889450.001626454	934825.001275157
-889450.00142388	934950.002910468
-889324.997219826	934949.997468359
-889324.997046094	935074.997950897
-889325.001593046	935200.001336089
-889325.001665966	935325.001221223
-889200.002382115	935325.002391869
-889200.002485973	935450.001130082
-889199.996487688	935574.997919443
-889075.000872158	935575.000258747
-889075.00246737	935700.003862569
-888949.998453318	935699.997059458
-888950.000079134	935824.999524197
-888825.001152187	935825.001047368
-888825.00280743	935950.00237686
-888825.000000857	936075.000206606
-888825.001927302	936200.000945204
-888824.99939674	936324.998182859
-888824.999968984	936449.999880487
-888699.998138462	936449.998432464
-888699.998745581	936574.999001964
-888574.996058943	936574.99638135
-888449.997219365	936574.996624296
-888324.999372974	936700.000620306
-888200.003516871	936700.00255331
-888075.002317689	936700.000930901
-887950.003328689	936700.003716485
-887825.000632677	936700.001391549
-887700.00178177	936700.001921192
-887699.998480604	936824.998404138
-887574.998758864	936824.997757523
-887450.001245053	936825.001512691
-887325.000025001	936825.000149416
-887200.002648022	936825.001635386
-887074.999930953	936824.999546904
-887075.002052602	936950.001180001
-886949.998456342	936949.997911719
-886824.998701654	936949.997488438
-886700.00115272	936950.001456658
-886574.999899533	936950.000293825
-886450.00248746	936950.001971268
-886450.00080368	937075.002369905
-886325.002503182	937075.002865263
-886199.99886366	937074.999770397
-886200.000827867	936950.000986053
-886074.998216852	936949.996771784
-885949.997811819	936949.996937221
-885825.00124752	936949.999934572
-885699.999347379	936949.999331501
-885575.001288048	936950.001556703
-885449.999529381	936949.998630967
-885324.999976317	936950.00007549
-885199.996725138	936949.996364394
-885074.995679637	936949.997019482
-884950.00010985	936949.998949962
-884824.997572638	936949.998807604
-884700.000511217	936949.999937441
-884574.998118879	936949.997445015
-884449.997931838	936949.999309334
-884449.998102533	937074.997975895
-884324.998642278	937074.997097113
-884200.001384985	937075.000572959
-884200.002665516	937200.003718218
-884074.996961853	937199.998010288
-883950.002627378	937200.003096016
-883950.000749438	937324.999657838
-883824.996329505	937324.99710149
-883699.997380893	937324.99580893
-883699.996597809	937449.996866957
-883575.002619323	937450.00390554
-883449.997416242	937449.997772588
-883325.003574814	937450.002431012
-883325.000752437	937575.002451382
-883199.998454486	937574.997920702
-883199.995580456	937699.996926667
-883199.99905489	937824.997379022
-883074.99695002	937824.997182936
-883074.998736192	937949.998167777
-883075.003599755	938075.00368378
-883074.996494847	938199.99774506
-883075.001632374	938325.002788703
-883075.003967651	938450.002828315
-882949.998538403	938449.999905543
-882949.999189728	938575.000484458
-882949.997044017	938699.996058814
-882949.996347839	938824.9977058
-882824.998744648	938824.998528884
-882824.998004263	938949.999179478
-882825.001992653	939075.002822665
-882825.001554215	939200.003001401
-882824.998331091	939324.998173755
-882824.998204146	939449.99787874
-882825.001174528	939575.002116778
-882700.002931134	939575.004299881
-882699.998347851	939699.999549832
-882699.998505363	939824.997793028
-882700.001764953	939950.000570492
-882575.000505787	939950.001633084
-882575.003729826	940075.003428571
-882450.003129634	940075.001790337
-882449.997164612	940199.996143361
-882325.00296132	940325.004270928
-882325.001708104	940450.000645702
-882200.001861463	940450.000723711
-882199.99893175	940574.997666438
-882199.999110919	940699.999148833
-882200.004042172	940825.003631588
-882075.001135827	940825.002626274
-882074.998525268	940949.998135281
-882074.999028346	941074.998185172
-882075.002646214	941200.002776366
-882075.003517052	941325.002359697
-881950.001893265	941325.002794124
-881950.002734395	941450.00141787
-881949.997547435	941574.998111813
-881949.997125355	941699.99780838
-881825.0011034	941825.002410753
-881824.996275181	941949.997683349
-881825.003718874	942075.003974159
-881699.997449504	942199.998117205
-881700.000494917	942324.999989996
-881575.000647268	942449.999128681
-881574.997655166	942574.99812549
-881574.999440904	942700.000129812
-881574.998508941	942824.997123811
-881449.996842787	942824.996860283
-881450.001741189	942950.002473456
-881450.003926076	943075.003076799
-881324.998575784	943199.997420766
-881325.002234266	943325.003177615
-881325.003186353	943450.003924021
-881200.003287878	943450.002568514
-881200.002575332	943575.003924567
-881199.999161618	943700.000269659
-881075.000887435	943700.001891582
-881074.997457319	943824.997311964
-881074.99717456	943949.997283519
-881075.001688034	944075.000268893
-880950.000214819	944075.000943271
-880950.003064916	944200.004548254
-880950.003225591	944325.003142153
-880949.999051838	944449.998261414
-880824.996012433	944449.996465289
-880824.999313833	944574.998698554
-880824.998284559	944699.997457452
-880699.998482277	944699.997132554
-880699.995792496	944824.996519265
-880699.997353016	945074.996316942
-880574.99957583	945200.001142932
-880575.002172458	945325.002188652
-880575.000451794	945449.999758351
-880575.001897857	945575.001884465
-880450.002992865	945700.002032219
-880450.000122035	945824.999784317
-880450.000422274	945950.002094038
-880449.998067307	946074.999389046
-880324.998747371	946075.000023006
-880324.996390985	946199.996426435
-880324.997210446	946324.997388692
-880325.001206915	946450.002910192
-880325.002557647	946575.003416279
-880324.999613709	946700.000442309
-880325.001505303	946825.000490349
-880324.997454328	946949.998593602
-880200.002892598	946950.002259878
-880199.998848167	947074.999480783
-880199.999644265	947199.999725118
-880199.996157017	947324.996487387
-880075.002259011	947450.003268186
-880075.001972509	947575.003714704
-880074.999063189	947699.99914231
-879950.002398037	947825.003796945
-879950.002696832	947950.002915222
-879949.998725682	948074.998549785
-879825.000947434	948199.999563001
-879825.000191332	948324.998894436
-879825.002637675	948450.002789568
-879825.002477819	948575.001664489
-879824.998059348	948699.997053688
-879824.996849332	948824.997005811
-879700.002165927	948950.002943542
-879699.998379897	949074.997016193
-879699.996150446	949199.997188334
-879700.000448745	949324.998854281
-879699.998844782	949449.998567778
-879575.003023111	949450.001894295
-879575.001444461	949575.000757185
-879575.003084585	949700.004185814
-879575.002143363	949825.00259066
-879449.997092954	949824.995614929
-879450.001980339	949950.00276461
-879449.996833155	950074.996834693
-879450.002368658	950200.003527931
-879449.997875914	950324.997139389
-879450.004068636	950450.003374824
-879325.00243717	950450.002536657
-879325.001207048	950574.999876338
-879325.001549386	950700.003318694
-879325.000989465	950825.000200171
-879325.002005386	950950.003184143
-879325.000464833	951075.001140768
-879325.002163222	951200.003664996
-879325.001310426	951325.001160697
-879325.003700388	951450.003223819
-879325.001883644	951575.00179195
-879200.004070805	951575.003207066
-879200.002298887	951700.000947905
-879200.003774095	951825.003257367
-879200.001049099	951950.002071022
-879200.003236296	952075.003918624
-879200.001228142	952200.00226924
-879200.004136442	952325.003653627
-879074.998992647	952324.997872822
-879075.000290299	952449.999972735
-879074.997399101	952574.998574848
-879074.999429386	952700.000212151
-879074.997275679	952824.998350478
-879075.000047711	952949.999523812
-879074.998640609	953074.997196994
-879075.00049986	953199.999439282
-879074.998184399	953324.998180242
-879075.000802763	953449.999955852
-878949.997666277	953449.998172696
-878950.00034741	953574.999140702
-878949.997196256	953699.998140627
-879075.000973353	953700.001070813
-879075.000194739	953824.998874713
-878949.99898396	953825.00017662
-878949.998273279	953949.997175243
-878949.999175805	954075.000277871
-878825.002589421	954075.001810075
-878825.003559651	954200.004112314
-878699.998262311	954199.996634723
-878575.002339218	954200.001667578
-878574.998497394	954324.99933755
-878450.002960667	954325.001903211
-878325.001923695	954325.000823873
-878325.000698987	954450.001946934
-878200.000044748	954449.998400176
-878074.9996578	954450.000815669
-877949.997102712	954449.996514116
-877824.998853743	954574.998581641
-877699.996940797	954574.997769627
-877574.998624635	954574.999849001
-877574.996160408	954699.997190582
-877449.998214545	954699.996802755
-877325.002197001	954700.000836247
-877200.000679392	954700.001205257
-877075.0027564	954700.004460289
-877075.003846311	954825.002666987
-876949.997193296	954824.996899234
-876825.001559413	954825.002100847
-876700.002092414	954825.002099049
-876574.997127	954824.998421119
-876449.997421118	954824.996092036
-876324.999641233	954824.998170323
-876199.996364148	954824.996565553
-876074.996679575	954824.997834605
-875950.000586945	954825.001976396
-875949.997184987	954949.996637956
-875824.999774354	954949.999835661
-875699.998533691	954949.99781313
-875574.999216667	954950.000187666
-875575.002522566	955075.001138803
-875450.001881237	955075.002568239
-875325.003237777	955200.003275902
-875199.997438916	955199.99853301
-875200.003282458	955325.002314851
-875074.996152091	955324.996627168
-875075.000343871	955450.001216567
-874950.000960428	955450.001154116
-874949.997753117	955574.99693044
-874824.997030611	955574.995926388
-874824.99958356	955700.000612863
-874699.997518073	955699.998668494
-874700.001752398	955825.00111828
-874574.998340588	955824.998234786
-874575.000919551	955950.00150437
-874449.997826528	955949.99615631
-874449.998749192	956075.000248459
-874325.001712061	956075.002064623
-874324.996906365	956199.99582875
-874199.996843124	956199.998235717
-874199.999456732	956324.9994045
-874074.999701223	956324.999352015
-874075.000655858	956450.001352818
-873949.999535853	956450.000367621
-873950.000499899	956575.00167788
-873949.999005377	956699.997986433
-873824.99898501	956700.000383863
-873824.9975017	956824.996005646
-873699.997777316	956824.995950046
-873700.000366671	956950.002045477
-873575.000934777	956949.999538557
-873574.996131264	957074.996846248
-873449.997924792	957199.998153107
-873324.998341284	957324.997862795
-873199.997376886	957449.995979479
-873200.003278985	957575.004014014
-873075.000753061	957575.002143606
-873075.00093696	957699.999876713
-872949.997013999	957699.997087572
-872950.002929091	957825.003795498
-872824.999276874	957824.998565524
-872824.99780368	957949.996500198
-872699.998469288	957949.999992292
-872574.997931043	958074.998325526
-872450.002404661	958075.002238821
-872450.00337763	958200.003210265
-872325.000021934	958324.998416641
-872325.004286354	958450.00338815
-872200.000968327	958450.001707128
-872199.997846498	958574.997916579
-872199.998016962	958699.998773944
-872074.999048354	958699.997493189
-872074.999222716	958824.997712063
-872075.002691541	958950.002580606
-871949.997329861	958949.996631022
-871950.000802837	959075.000865619
-871824.997484395	959199.997616533
-871824.99687515	959324.997748637
-871699.999510695	959450.000467903
-871700.00388175	959575.003105429
-871575.000706038	959575.001666559
-871574.99602674	959699.997076278
-871450.000457304	959700.001348747
-871450.00316343	959825.004266489
-871325.001470898	959950.001820529
-871325.000108112	960075.000650947
-871199.99832603	960074.997869566
-871199.996968974	960199.996087695
-871199.998920083	960324.998964619
-871075.001705722	960450.000427964
-871074.999598073	960574.999225653
-871075.002479722	960700.001162989
-870950.002140803	960825.001452184
-870949.999296052	960950.000834665
-870950.003123042	961075.001838079
-870824.999175454	961074.997526831
-870824.999658471	961200.000972947
-870824.999445769	961324.997905697
-870699.996397701	961324.997119896
-870700.001888962	961450.00311627
-870699.997642461	961574.995981649
-870574.997161484	961574.99720996
-870574.998618462	961699.999143762
-870574.997711833	961824.996084046
-870574.998453898	961949.999208573
-870449.997216712	961949.997209528
-870449.999652602	962074.99823099
-870449.996373803	962199.997296776
-870324.997682424	962199.997331664
-870325.003463482	962325.002440578
-870324.996169713	962449.997450913
-870200.00001431	962449.999528262
-870200.001780788	962575.000586956
-870199.999520567	962699.998170286
-870074.996849787	962699.995672458
-870075.00196887	962825.000829166
-870075.003065056	962950.002510763
-869950.002911768	962950.002070731
-869950.004026435	963075.003185282
-869950.001123041	963200.000824002
-869825.003477996	963200.002449765
-869825.000594658	963324.999524957
-869825.00105511	963450.001272499
-869699.998552041	963449.996823154
-869699.999033019	963574.998011687
-869700.002859969	963700.003874314
-869699.99700652	963824.996591759
-869700.001858296	963950.002133494
-869574.999182545	963950.000495617
-869574.996704625	964074.997332903
-869574.99757975	964199.998844858
-869575.003492184	964325.003514179
-869449.996866473	964449.99623472
-869449.997128523	964574.998396007
-869450.00243295	964700.003716037
-869449.996398517	964824.99740109
-869325.001684365	964825.002134172
-869325.003030509	964950.003433226
-869325.000392209	965075.001252379
-869325.002804239	965200.002231072
-869325.001236719	965324.999728701
-869449.997952504	965324.99651041
-869450.003087755	965450.00389799
-869449.998586293	965574.99812672
-869449.997459543	965699.997029939
-869575.001950583	965700.002665571
-869575.001871649	965825.001778456
-869574.997825968	965949.997405034
-869699.999409473	965949.998522835
-869700.003762616	966075.00251468
-869824.995732251	966074.996941075
-869825.001140535	966200.00113652
-869825.00258939	966325.001842546
-869949.998990549	966324.999913186
-869950.001499421	966450.000819281
-869949.998367419	966574.999751735
-869950.000315288	966700.001833797
-869950.000001167	966824.998904365
-870075.001831316	966825.001355771
-870075.000900341	966950.00013818
-870075.00336878	967075.003586822
-870200.002278235	967075.001520527
-870199.998478623	967199.996997184
-870199.998083536	967324.997137957
-870200.001094184	967450.00194324
-870200.001858684	967575.001731266
-870199.998691479	967699.998019756
-870199.998936118	967824.998971993
-870200.002593803	967950.004588363
-870199.996675815	968074.997019865
-870200.001515034	968200.002280135
-870200.002433642	968325.004038472
-870200.001124651	968450.000775033
-870200.003238698	968575.002174778
-870200.001439787	968700.00007038
-870200.003067358	968825.002628982
-870200.000786439	968950.001682287
-870200.003626803	969075.003879624
-870200.002563584	969200.002570512
-870199.997599533	969324.997753897
-870199.997763533	969449.996080549
-870199.999672997	969575.000588433
-870199.999380268	969700.000068783
-870200.002528677	969825.004211393
-870324.999646083	969824.997987349
-870325.00223949	969950.003802908
-870325.002638641	970075.004588065
-870325.000846939	970200.000341766
-870325.000811845	970325.002274437
-870450.001672132	970325.001860249
-870450.002785062	970450.003940308
-870450.001715076	970575.000986042
-870574.997951957	970574.997536441
-870574.99634142	970699.996244783
-870574.998189819	970824.999609844
-870574.997863237	970949.997937712
-870700.002664616	971075.001752063
-870699.997940043	971199.99821788
-870824.998970543	971199.999010906
-870825.002741022	971325.003786815
-870825.004347487	971450.003520948
-870825.000401909	971575.001252008
-870825.001626124	971700.002115903
-870699.998530968	971700.000019007
-870699.999897313	971825.000364684
-870574.996822478	971824.996064631
-870574.99663428	971949.997414677
-870575.001619751	972075.001901085
-870450.000854249	972074.99993042
-870325.001833561	972200.002776916
-870200.002729877	972200.003095444
-870200.002961687	972325.002919993
-870075.002167249	972325.002560572
-870075.002538107	972450.001882924
-869950.000049497	972450.000846455
-869950.000558887	972574.999669761
-869824.997020099	972699.996284556
-869699.999235723	972824.999916998
-869575.001579814	972950.000869778
-869450.0029916	972950.002287539
-869450.000652415	973075.002182545
-869325.002050004	973075.001412429
-869324.999846042	973200.000824173
-869199.999527895	973199.999384771
-869199.997458639	973324.998316398
-869200.000575597	973450.000401597
-869075.002497644	973450.001337035
-869074.996738629	973574.996273047
-868949.996935467	973574.996543781
-868949.998623001	973699.999198385
-868949.998190367	973824.996817528
-868825.000611431	973824.999475172
-868824.998615118	973949.998142408
-868825.000112497	974075.001484106
-868699.997439818	974074.9983423
-868700.000773729	974199.999703805
-868575.003667757	974200.0041008
-868574.998130358	974324.99832207
-868450.000980138	974325.00054828
-868450.002884579	974450.0025078
-868324.998720392	974574.997388214
-868199.998070187	974574.998308366
-868200.000243379	974699.999362291
-868074.999538911	974699.998115925
-868075.000144268	974825.000237073
-867949.997681149	974824.998340371
-867950.000120712	974949.998501725
-867825.003195805	974950.00415724
-867699.999776056	975075.000683721
-867574.998791682	975074.998937269
-867575.003719468	975200.002813515
-867450.000964072	975200.000419858
-867449.997020947	975324.997173403
-867325.001490327	975325.000823852
-867324.997675891	975449.997147051
-867200.000366487	975450.000153267
-867199.996680215	975574.996049251
-867074.997588588	975574.998412117
-867075.001323605	975700.002091394
-866950.002148636	975700.002299188
-866949.998716828	975824.997350611
-866824.997752976	975824.996917251
-866825.000036053	975950.001273098
-866699.998982636	975949.998687083
-866700.001390157	976075.002629477
-866574.998540596	976074.999404797
-866575.001072036	976200.002936869
-866449.99812668	976199.997562163
-866450.00078173	976325.000687039
-866325.00332107	976325.002888684
-866324.998811699	976449.997396667
-866199.999543674	976449.998963703
-866200.002443851	976575.001284037
-866200.001571047	976700.000093157
-866074.997101341	976699.995925572
-866075.003636939	976825.002552964
-865949.997350852	976824.99775482
-865949.996725282	976949.995772592
-865949.999616355	977074.99849601
-865825.002681573	977075.004406238
-865824.99841417	977199.998522521
-865824.997666658	977324.997345215
-865699.997214864	977324.996025767
-865700.00387264	977450.002682168
-865574.999384461	977575.000306382
-865450.002169026	977700.003640494
-865324.997916732	977699.998948311
-865324.997666504	977824.996246886
-865199.998848277	977824.999158911
-865074.996017679	977824.996805212
-865074.999209286	977699.998435597
-864950.003046499	977700.004122505
-864825.002873092	977700.004539106
-864699.99869025	977699.999682777
-864700.002774055	977575.003326385
-864574.997989877	977574.998278395
-864575.001723015	977450.003501577
-864449.998046188	977449.996750281
-864325.00320531	977450.002676983
-864324.997154051	977324.996606295
-864200.001718853	977325.002332861
-864075.002279485	977325.002774352
-864075.000993479	977200.00186055
-863950.000964271	977200.002096249
-863950.001029812	977075.001259382
-863825.000413476	977075.00128661
-863700.003069541	977075.00424659
-863700.000627729	976950.000344767
-863575.00270106	976950.00309066
-863574.999902769	976825.000777268
-863450.001396082	976825.00330618
-863449.999944542	976700.001075787
-863325.002565214	976700.001878255
-863325.00075367	976575.001239651
-863200.002799535	976575.001820004
-863200.002330779	976450.001268191
-863075.002100326	976450.003130103
-863075.002972482	976325.002667084
-862950.003876881	976325.002794961
-862824.999088398	976324.999116066
-862824.99745036	976199.995599722
-862699.999368433	976199.999913941
-862699.997364591	976074.997996359
-862575.000424188	976075.000568689
-862574.999756242	975949.998745962
-862450.001219013	975825.000859034
-862449.996383847	975699.997160006
-862449.996722721	975574.996704177
-862324.999951261	975574.99923031
-862324.999913851	975450.000381395
-862324.997773504	975324.996551651
-862200.003877175	975325.003918616
-862200.001356287	975200.001699058
-862200.002297451	975075.004231202
-862074.998437999	975074.998481895
-862075.000695591	974950.001123187
-862074.999137848	974825.000292808
-862075.002736956	974700.002711248
-861949.997916204	974699.998663979
-861950.001122962	974575.002701186
-861950.002207811	974450.00176497
-861825.001976892	974450.001051583
-861825.002664918	974325.001737408
-861700.002187449	974200.003079759
-861700.000346691	974075.000420231
-861575.002476761	974075.00428696
-861575.001933349	973950.001750585
-861449.996259641	973949.997134586
-861450.002585678	973825.00445064
-861324.998084481	973824.998069445
-861325.00287345	973950.002110152
-861325.003825523	974075.002690212
-861325.000943453	974199.99980857
-861325.001501697	974325.001689873
-861324.999931023	974449.998605032
-861450.001215416	974575.00128804
-861450.002698351	974700.004586931
-861450.002060331	974825.002916823
-861574.998801952	974824.999013415
-861574.997778319	974949.998960545
-861575.001909572	975075.002163445
-861700.001547295	975075.003082812
-861699.999728899	975199.998168681
-861699.999666891	975324.999515904
-861699.997497909	975449.995888524
-861824.99789124	975449.996982218
-861825.002616835	975575.003192405
-861824.997971978	975699.996197316
-861950.001251583	975700.002115588
-861949.996236583	975824.996726402
-861950.003662733	975950.002815721
-862074.996990287	975949.995597722
-862075.00405095	976075.003289597
-862199.996825976	976074.99582094
-862199.996254364	976199.996884571
-862200.000863121	976325.0011943
-862324.998216073	976324.997050385
-862325.002465259	976450.00295783
-862449.999259516	976449.998568304
-862449.997587124	976574.996337013
-862575.001087861	976574.999934176
-862574.999059121	976699.999297287
-862575.002222168	976825.0019007
-862700.001317049	976825.002104616
-862699.996860539	976949.998069098
-862824.997092123	976949.996530158
-862825.001258662	977075.000807807
-862949.997470282	977199.996669088
-863075.001735265	977325.000607855
-863075.0031446	977450.003062278
-863199.997811446	977449.997671488
-863200.000584714	977575.000201774
-863199.999595597	977699.999239217
-863324.998810767	977699.997188616
-863324.997483871	977824.99780522
-863325.001373058	977950.001650928
-863449.996159116	977949.996217674
-863450.00142194	978075.000132234
-863575.002887872	978075.002707956
-863575.000551978	978199.999965879
-863700.001427993	978200.002322726
-863824.998293334	978199.999391324
-863949.998415268	978199.999403942
-863949.998731215	978324.997133892
-864074.998257075	978324.99693601
-864074.996535416	978449.997744458
-863950.000955917	978575.000054712
-863949.997309454	978699.995505973
-863825.001903676	978700.0029161
-863824.998367057	978824.998025547
-863700.002790786	978825.003317059
-863575.003197339	978825.003324288
-863575.001905316	978950.002769436
-863450.000952074	979074.999770195
-863324.997589762	979074.998555387
-863324.996509662	979199.997337531
-863200.001936541	979200.000736242
-863075.001635416	979200.000351242
-863075.002784679	979325.003490463
-862950.002297617	979325.000990601
-862825.003341373	979325.002940783
-862700.000366726	979324.999594564
-862575.000632111	979324.999188839
-862574.997140216	979449.996581887
-862450.002759073	979450.003806141
-862324.997103367	979449.997488098
-862200.001940881	979450.002348172
-862199.998929302	979574.997565689
-862075.001856665	979575.001815643
-861950.000765573	979575.000758408
-861949.999949315	979700.000370427
-861824.998653904	979699.997198076
-861699.998882228	979699.998463127
-861575.002343566	979700.002660103
-861575.000271366	979825.001630267
-861450.003521108	979825.003712963
-861325.001042239	979825.001983019
-861200.001794639	979825.003181101
-861074.998529717	979824.99905859
-860949.998496032	979824.99786091
-860824.999982845	979825.001089395
-860699.999163609	979824.997488828
-860574.999864841	979824.998310798
-860450.002085917	979825.00355356
-860325.002002101	979825.001961673
-860199.996194352	979824.996535841
-860075.000860262	979825.002274914
-859950.001512319	979825.002675076
-859824.998151719	979824.997733711
-859699.996310864	979824.997201812
-859574.999409367	979824.998077156
-859450.004026374	979825.00335936
-859325.002921746	979825.004791998
-859324.998836666	979949.999611571
-859199.999204126	979949.997418232
-859075.001088123	979949.999627206
