-859075.001088123	979949.999627206
-859074.99910666	980074.99892736
-858949.999036493	980075.000510627
-858949.998806686	980199.99806967
-858824.998489645	980199.997529362
-858824.996589835	980324.996348682
-858824.99991442	980449.998455076
-858824.997808407	980574.998587235
-858950.003017276	980575.004437512
-858950.00408958	980700.003118442
-858949.999736445	980824.999822841
-859075.000637019	980825.00210188
-859074.99775578	980949.998850262
-859199.999819059	980949.999300314
-859325.003383541	980950.004162015
-859450.00292641	980950.003678675
-859450.001221826	981075.002251253
-859575.000209137	981075.001447071
-859700.002408089	981075.003561288
-859825.000582479	981075.000337649
-859825.000046664	981200.000735673
-859949.997659317	981199.99719975
-860074.998481966	981199.996588348
-860075.0028829	981325.002046344
-860200.001427276	981325.002629071
-860324.997655106	981324.996382984
-860324.999753957	981449.998642454
-860324.998156572	981574.997412399
-860325.000102408	981700.000949432
-860450.002678748	981700.004448505
-860449.998869007	981824.999757706
-860449.998607669	981949.999831911
-860450.003610013	982075.003169725
-860450.003214152	982200.004516046
-860324.999557161	982199.998953001
-860324.999254134	982325.000046234
-860200.000851884	982325.00216658
-860074.998410846	982324.998965231
-860075.001969078	982450.003054724
-859949.999258132	982449.997776226
-859950.002905367	982575.001622016
-859824.99649163	982574.997269219
-859825.000227099	982700.000874388
-859700.002481641	982700.001210045
-859699.997360291	982824.997814188
-859574.997619084	982824.99757774
-859575.00152952	982950.000711383
-859449.999788473	982949.999904396
-859450.00378542	983075.002807132
-859325.000041041	983075.001430442
-859324.99689822	983199.995838003
-859200.000088757	983200.000660207
-859200.002541072	983325.004609957
-859074.998212007	983324.999097628
-859075.002465625	983450.001326121
-858950.003346086	983450.003517281
-858949.998744891	983574.99875652
-858949.997707159	983699.998776385
-858950.001951227	983825.002078095
-858950.002540816	983950.001889487
-858949.999478696	984074.99820953
-858949.99998747	984199.999309808
-858825.001998172	984325.003164532
-858825.000671875	984449.999062336
-858699.99656731	984449.996485768
-858700.00083403	984575.001949087
-858575.000768062	984700.002584116
-858450.003235701	984700.004189979
-858450.000470574	984825.000971977
-858575.003206467	984825.002853443
-858575.000289924	984950.001128675
-858575.002673564	985075.002689202
-858575.001425839	985200.000756009
-858450.000943392	985200.001976191
-858449.999794619	985324.999844683
-858324.99897686	985324.999029346
-858324.997926706	985449.996702595
-858325.000463396	985574.999162066
-858200.001309138	985575.001112934
-858200.003944386	985700.00338201
-858200.002959148	985825.002157256
-858199.998356194	985949.997437647
-858199.997346857	986074.997504815
-858324.997760342	986074.997396393
-858450.001313545	986075.000240321
-858449.998181715	986199.99697953
-858449.998648941	986324.9985025
-858450.002716469	986450.004809599
-858574.999967181	986449.999185181
-858574.998431038	986574.997183774
-858575.000500395	986699.999964421
-858699.998929355	986700.000460583
-858700.002607895	986825.003212264
-858700.002688701	986950.002460984
-858699.999174544	987074.99820572
-858699.999274601	987199.99873025
-858700.002990121	987325.004034945
-858574.998090054	987324.99825812
-858575.001933417	987450.003376964
-858450.003870275	987450.003889184
-858450.000636972	987575.000538492
-858325.000478743	987575.000553504
-858200.003438548	987575.003536393
-858200.004042497	987700.003331602
-858074.997700027	987699.997528896
-857950.001675167	987700.002980951
-857949.998908146	987824.997642222
-857825.000777104	987825.0025982
-857700.000284428	987825.000730258
-857699.999616303	987950.0000536
-857574.99701353	987949.997689136
-857449.997522898	987949.998286524
-857450.00066974	988075.000784862
-857325.00078767	988074.99939023
-857325.002325904	988200.003227086
-857200.000324581	988200.001337774
-857200.003702899	988325.003523578
-857074.99957881	988325.001140617
-857075.00307214	988450.003174743
-856949.998546934	988449.99880328
-856950.000429552	988575.002184448
-856825.002691848	988575.004123262
-856700.000864658	988575.000723504
-856699.999350567	988699.999015108
-856575.002578725	988700.003423286
-856450.001716746	988700.002489599
-856449.99680138	988824.995698997
-856325.000987766	988825.002575026
-856325.003369721	988950.00394967
-856325.002188855	989075.00182891
-856200.002439363	989075.001784864
-856199.999642265	989200.001027111
-856200.00219911	989325.003581765
-856074.998508325	989324.996622816
-856074.999449166	989450.000544617
-855950.00078739	989450.001407259
-855824.99803055	989449.996922224
-855825.002742875	989575.00409386
-855699.997825291	989574.999126893
-855699.997189708	989699.996380863
-855574.999016846	989699.997745985
-855574.996761287	989824.996377593
-855449.996419728	989824.997263788
-855325.000888079	989824.999611485
-855199.999531868	989824.9980967
-855074.999530367	989825.00102543
-855075.001153928	989950.001389351
-854950.000703049	989950.00234536
-854824.997883502	989949.996447984
-854825.001522504	990075.001591909
-854700.003697307	990075.00352567
-854700.000257064	990200.000261308
-854575.000246333	990200.001716257
-854449.997866088	990199.996313922
-854449.998159724	990324.99635174
-854324.999033949	990325.000275585
-854324.999420587	990450.000225118
-854200.00155718	990450.000690024
-854200.000307811	990575.002045175
-854075.00024635	990575.002034307
-853949.99608524	990574.996651635
-853825.002163526	990575.002528771
-853700.002413217	990575.00452089
-853575.000293268	990574.999645189
-853449.999514204	990574.999197448
-853325.001804258	990575.001686587
-853199.999996921	990574.998791864
-853074.999529761	990575.000319725
-852950.003859895	990575.003291069
-852824.998102063	990699.999143273
-852699.996120526	990699.996240415
-852700.000819983	990824.999799712
-852574.996618883	990824.996414055
-852450.002643813	990825.00427997
-852325.000491431	990950.00194979
-852200.001921716	990950.002448835
-852074.999254985	990949.997547753
-851949.997921118	990949.997056979
-851824.999649	990949.999488057
-851699.997281	990949.996512767
-851574.997974688	990949.996456139
-851449.999999884	990950.000803145
-851324.999659862	990949.998251702
-851200.000651283	990950.000100268
-851074.997549116	990949.99653202
-850949.997507862	990949.99587453
-850825.000782871	990825.000361569
-850700.001556195	990825.003561914
-850574.999968172	990824.99985173
-850449.999712724	990825.00052945
-850450.003467306	990700.002659101
-850325.002701933	990700.002791536
-850199.997848858	990699.997490828
-850199.998069373	990574.997599033
-850074.999862061	990575.000079101
-849950.003137342	990450.002057037
-849824.998614491	990450.000026039
-849824.997068128	990324.998057962
-849700.000926068	990325.002316528
-849575.000701627	990325.00112993
-849574.997354587	990199.995659276
-849450.002057771	990200.003723289
-849324.997260195	990199.996520769
-849200.00095171	990200.002016165
-849199.9993975	990074.997924907
-849075.002601616	990075.002846459
-848950.00172808	990075.002310735
-848949.996652699	989949.996199441
-848825.002443852	989950.003418736
-848824.999128997	989824.997261574
-848699.997293133	989824.995563441
-848574.998530612	989824.996735261
-848450.001113214	989825.002256776
-848449.997877421	989699.998960255
-848325.001713633	989700.00240983
-848200.001478723	989700.000387512
-848075.002590786	989700.002708168
-847949.999632897	989699.9995523
-847824.999749273	989699.999255621
-847700.002939264	989700.001817053
-847575.000333096	989700.000375474
-847450.000800481	989700.001788393
-847324.997200232	989699.997714374
-847199.996673475	989699.996491676
-847074.999219566	989699.998119225
-846950.003110501	989700.004074148
-846825.002934914	989700.004534327
-846699.998694008	989699.999497157
-846574.997525825	989699.997303449
-846449.999429717	989699.997952124
-846450.002281322	989825.004279263
-846325.003636839	989825.002904811
-846199.999199983	989824.997502875
-846074.996105816	989824.996416108
-845949.997808829	989824.996689855
-845825.000853234	989825.001276185
-845699.999833948	989825.000349895
-845575.00188356	989825.002256336
-845574.997200242	989949.996168117
-845449.996961855	989949.997523926
-845325.00151775	989950.000235295
-845324.998539274	990074.999187373
-845200.000801451	990075.001349111
-845074.998999827	990074.997989511
-844949.998534869	990074.998932103
-844950.00420128	990200.003483493
-844825.003164043	990200.002401045
-844699.996335329	990199.997265661
-844699.998288427	990324.997053483
-844574.998008467	990324.998246147
-844450.000788363	990325.002262692
-844324.999504315	990325.000747162
-844200.001280057	990325.002052342
-844074.998993031	990324.997821262
-843949.99803729	990324.997880695
-843825.000140627	990325.000756162
-843699.998182338	990324.998089162
-843574.999283065	990324.998235033
-843450.00171371	990325.002664796
-843449.998661816	990199.996770122
-843325.000684171	990200.000491278
-843199.998647859	990199.998660837
-843074.999671539	990199.999635711
-842950.003754563	990200.003414833
-842825.002051838	990200.003107596
-842699.999095188	990074.998783454
-842575.000055143	990075.000550714
-842449.996960564	990074.996753062
-842324.9969269	990074.995750021
-842199.998225488	990074.999010436
-842075.004311693	990075.003593191
-842075.000507334	989950.000827155
-841949.997365315	989949.997776159
-841824.997285192	989949.997512236
-841699.998501536	989824.99853901
-841575.001101598	989825.000312207
-841449.997925474	989824.997971287
-841324.997812231	989824.998409902
-841200.000761212	989825.001626982
-841074.999662731	989824.999255145
-840949.999898842	989825.001126352
-840824.997816245	989824.995936512
-840700.004175345	989825.003353975
-840574.997653985	989824.998273467
-840450.003028158	989825.002863098
-840325.0026296	989825.003318507
-840199.998187097	989824.998170016
-840074.996805916	989824.995785433
-839949.996757832	989824.997629678
-839825.001497332	989825.000769491
-839700.000466438	989824.99976363
-839575.002495493	989825.001515954
-839575.000476141	989950.000719025
-839450.000145069	989950.001877158
-839324.997499517	989949.995952865
-839200.003283472	989950.002622438
-839074.99619876	989949.99676085
-839074.998848611	990074.996988946
-838949.998222366	990074.997441939
-838825.000651165	990075.000646391
-838699.99903819	990074.99822431
-838574.998752186	990075.000014126
-838450.003248514	990075.003087383
-838450.003377532	990200.002491965
-838324.998401451	990199.996589203
-838200.001843448	990200.003273247
-838075.002972386	990200.002858594
-837949.998333033	990199.998268299
-837824.99674611	990199.996417797
-837699.998210957	990199.997306022
-837575.000998693	990200.002393757
-837450.001475713	990200.00037354
-837325.003275556	990200.002549248
-837199.99930942	990200.000535648
-837075.000122494	990199.999791578
-837075.003757798	990325.003145292
-836950.002173832	990325.001795914
-836825.003638424	990325.00317569
-836699.999337343	990325.00035786
-836574.999813199	990324.998805504
-836574.997426706	990449.997855987
-836450.002581124	990450.004083879
-836324.996614877	990449.996261011
-836200.0007774	990449.999548802
-836074.999550828	990575.00032887
-835949.997263418	990574.997341067
-835824.998019576	990574.997072565
-835700.000089762	990575.000980872
-835700.00158295	990700.000293155
-835575.002961057	990700.002134695
-835449.998573216	990699.999758338
-835324.998955545	990699.998638003
-835324.998092303	990824.99849609
-835199.99604767	990824.996766339
-835074.997041673	990824.997749179
-834950.00107365	990825.001443551
-834824.999339956	990825.000909947
-834825.002893996	990950.002033829
-834700.000454249	990949.999432547
-834575.001050637	990949.999538936
-834450.002952962	990950.003808323
-834325.000819453	990950.002384833
-834200.001721349	990950.003664378
-834074.998588602	990949.999246884
-833949.998491195	990949.997529288
-833949.998789722	991074.996949757
-833825.003311747	991075.003017883
-833700.003798428	991075.003384147
-833574.998521237	991074.999500821
-833574.998117589	991199.998081734
-833449.999181171	991200.00052981
-833324.997939934	991199.995815751
-833199.996269149	991199.996703741
-833200.002211612	991325.002865349
-833075.001538373	991325.00022969
-832950.002162898	991325.001739653
-832824.998753157	991324.997534496
-832699.998081825	991449.998069956
-832575.00228934	991450.004342847
-832450.004192291	991450.003442896
-832449.999858742	991575.001057162
-832324.999286113	991574.999540697
-832200.001736481	991575.000709388
-832074.998421809	991574.99760497
-831949.998045023	991699.996228384
-831825.002324021	991700.00359852
-831699.997244397	991699.995375017
-831575.000508721	991699.999693
-831574.999637279	991824.997987712
-831450.000409565	991825.001687973
-831324.998878348	991824.998200848
-831325.000988061	991950.000504337
-831199.996960772	991949.996399197
-831075.002999831	991950.003383554
-830949.997954085	991949.996211672
-830825.001242074	991950.001577243
-830700.000495981	991950.00119739
-830700.001264871	992075.00171508
-830574.999743755	992074.999265406
-830449.999504141	992075.00093378
-830325.004008356	992075.003820113
-830325.003937594	992200.003641144
-830199.998882979	992199.99748858
-830075.002151871	992200.003869434
-829950.003118244	992200.003045674
-829825.000638595	992325.000741739
-829700.002092832	992325.001959162
-829574.997781454	992324.998862984
-829449.998209963	992324.996977529
-829449.999651432	992449.999148735
-829324.997551315	992449.99664127
-829199.998456697	992449.996790848
-829200.002812299	992575.003044443
-829075.001183014	992575.002572747
-828699.999879378	992700.001134945
-828574.999412353	992699.99812935
-828574.998724047	992824.999431009
-828450.002744393	992825.004232326
-828325.002729546	992825.003255444
-828324.999629758	992949.998795901
-828199.997063585	992949.997197592
-828074.997275892	993074.997910744
-827949.99688185	993074.996894978
-827949.996330187	993199.996969907
-827825.002137392	993200.002322455
-827700.002173941	993200.003334097
-827699.999198376	993324.9976699
-827574.998402397	993324.996618048
-827449.998862292	993324.99965524
-827449.998750936	993449.998138634
-827324.998372461	993449.999113491
-827200.000981079	993450.002731443
-827199.996701404	993574.996936249
-827074.998466665	993574.99849295
-826950.003216552	993575.002691399
-826950.001786271	993700.001062671
-826824.996931397	993699.996205988
-826825.002177328	993825.00345184
-826699.996471202	993824.996535484
-826575.000766379	993825.000697805
-826575.001828885	993950.003687041
-826449.998247519	993949.997351253
-826450.000696341	994074.999342523
-826325.001537909	994075.000833886
-826199.998338853	994074.996520392
-826200.00361424	994200.002709952
-826074.997814682	994199.997782382
-825950.002004977	994200.003933524
-825825.001123228	994325.00009857
-825699.998664446	994324.999825878
-825575.000955574	994450.002228762
-825450.002326035	994450.001093211
-825324.996183767	994449.997022272
-825325.000762803	994575.001295851
-825200.002483748	994575.002178534
-825074.998426701	994574.998681679
-824949.997337069	994574.997811586
-824950.000853012	994700.001645851
-824824.998873708	994699.998722588
-824699.999859346	994699.998424744
-824699.999150121	994824.998060908
-824574.997504783	994824.997150117
-824449.99882191	994824.998862963
-824450.000886914	994950.002760731
-824325.001303495	994950.002422616
-824199.997677119	994949.996253042
-824200.002508379	995075.004422313
-824074.997977596	995074.99620189
-824075.004169852	995200.003428029
-823950.002258193	995200.00449013
-823824.998039189	995199.998277985
-823824.999986486	995325.001335296
-823700.001853488	995325.001531641
-823575.002633978	995450.004680148
-823449.997800097	995449.998427624
-823449.996854988	995574.996393671
-823324.998095724	995574.996554266
-823200.000547802	995575.000768398
-823200.002341318	995700.003045464
-823074.996870299	995699.996754743
-822950.001340514	995700.001539532
-822949.998871472	995824.999675523
-822825.002407697	995825.002417535
-822824.999552368	995950.001074914
-822700.002151381	995950.001775505
-822700.000647792	996074.999521276
-822575.000567895	996074.999617685
-822450.001689893	996075.003762159
-822449.997653561	996199.995948312
-822324.997829664	996199.998053338
-822325.000392435	996324.999237924
-822199.99961878	996324.999305368
-822200.001790803	996450.001026361
-822075.000064167	996449.999057577
-822075.001844984	996575.001317856
-821949.999162142	996574.997314195
-821950.0005513	996700.00011664
-821825.002153092	996700.003983485
-821824.997906068	996824.997426945
-821699.998543831	996824.999262348
-821700.000887577	996950.001724065
-821575.000557444	996950.001529891
-821450.003153078	996950.003945322
-821325.001693746	996950.000496708
-821200.001420091	996950.00108785
-821074.997092667	996949.995810376
-820950.002668963	996950.001609978
-820825.002451396	996950.002970459
-820699.998181214	996949.998456195
-820574.996835857	996949.996540277
-820449.998414637	996949.997221658
-820325.001176863	996950.001931028
-820199.999887586	996950.000757973
-820200.002501233	997075.002219974
-820075.000223607	997074.99901147
-819949.999127312	997074.999826453
-819825.00269211	997075.001801491
-819699.99788971	997199.9959615
-819574.999896792	997200.001352476
-819574.998637062	997324.997154245
-819449.999642816	997325.000511408
-819324.998336865	997324.996544266
-819199.998206727	997324.99659306
-819200.000875073	997450.002141627
-819074.999737256	997450.00015668
-818950.001513411	997450.000756106
-818950.001566942	997575.00085843
-818825.00058927	997575.000854489
-818700.002523069	997575.003433138
-818699.998216246	997699.999525883
-818574.999132044	997700.000072642
-818450.002956812	997700.003200646
-818324.997086898	997824.996387841
-818200.001053542	997825.001492909
-818075.000966207	997825.000687416
-818074.999651756	997949.999723554
-817949.998534786	997949.996887274
-817824.998580627	997949.998054412
-817700.000595799	998074.999308525
-817574.999384218	998200.000589851
-817450.000255936	998200.000273122
-817325.002285012	998200.0039558
-817324.998254181	998324.996704651
-817199.999237356	998324.998359699
-817075.00311757	998325.00258587
-817074.999900624	998450.001296236
-816950.002729226	998450.003496093
-816824.999758987	998450.001195074
-816825.002575514	998575.001598981
-816699.998549533	998574.99727172
-816574.997416864	998574.995511426
-816449.998836581	998699.998110757
-816324.997790194	998699.998315907
-816199.996618693	998824.997522323
-816074.997393846	998824.998267179
-816075.002604065	998950.002442231
-815950.002306752	998950.001164709
-815825.003151716	998950.003873551
-815824.996992609	999074.99562811
-815699.996760459	999074.996314643
-815699.997078168	999199.997241399
-815700.002637416	999325.001997676
-815574.997359669	999324.996083691
-815575.002453118	999450.001514315
-815575.004106935	999575.00369431
-815700.001688867	999575.00318021
-815825.003891547	999575.003808327
-815950.000284868	999574.999923446
-816075.002873098	999450.003621315
-816200.001060214	999450.000293989
-816325.000381732	999450.000961974
-816450.00258272	999450.004201997
-816575.000718495	999450.001514284
-816700.001733834	999450.001401716
-816824.996938397	999449.996791171
-816950.001969926	999450.003258593
-817075.002935144	999450.003805955
-817199.999832807	999449.998435832
-817324.997866545	999449.997075047
-817449.998781424	999449.998298583
-817575.002578135	999450.002107483
-817700.000561819	999450.001433728
-817825.001427431	999450.003348883
-817949.99822319	999449.999358795
-817949.996826217	999574.996599124
-818075.00044302	999574.999796062
-818199.998243573	999574.998520215
-818324.998925118	999574.999840672
-818450.002488343	999575.003758478
-818575.001978759	999575.001781594
-818700.002606365	999575.003834075
-818824.999159967	999574.999996434
-818825.001013073	999700.000663833
-818949.997421897	999699.995538181
-819075.001923318	999700.002940389
-819200.002348972	999700.004458899
-819324.998697619	999700.000096289
-819449.997927202	999699.998345094
-819575.000038415	999699.999206365
-819700.003287142	999700.004111794
-819825.002457763	999700.003143789
-819949.99754904	999699.996304931
-819950.001715383	999825.002590089
-820075.00360699	999825.002977074
-820075.001304459	999950.002097026
-820074.997325203	1000074.99650017
-820074.99688736	1000199.99610596
-820074.999992199	1000325.00091473
-820075.001427759	1000450.00100543
-819950.002570928	1000450.00163252
-819950.001887773	1000575.00375546
-819949.999540696	1000700.00115981
-819825.002672074	1000700.00370444
-819824.999954276	1000825.00171309
-819700.002030841	1000825.00228786
-819700.000688848	1000949.99947302
-819574.999960367	1000949.99950992
-819450.002095217	1000950.00217424
-819450.00341052	1001075.00386958
-819324.997528444	1001074.99607138
-819199.999713561	1001075.0008238
-819074.999554362	1001074.99827493
-818950.000508678	1001074.99977834
-818824.997372662	1001074.99540586
-818700.002299775	1001075.00357952
-818575.001530374	1000950.00233001
-818450.002213871	1000950.00332996
-818324.998810033	1000949.99844503
-818199.998267747	1000949.99617208
-818074.99883933	1000949.99793787
-817950.002271075	1000950.00231312
-817950.001310295	1000825.00285285
-817824.997652052	1000824.9974191
-817700.003801863	1000825.00309097
-817574.997175544	1000824.99579123
-817450.000355891	1000824.99959458
-817324.997706228	1000824.99892287
-817199.999664327	1000824.99942338
-817075.002735954	1000825.00394785
-817074.99821525	1000699.99928102
-816950.001156976	1000700.00247644
-816825.000018465	1000699.9997613
-816699.999995326	1000700.00106312
-816574.995893144	1000699.99644981
-816450.00159241	1000700.0029302
-816325.003212535	1000700.00349236
-816199.999008211	1000699.99955824
-816074.997664916	1000699.99820753
-815949.999181955	1000699.99943918
-815825.003558631	1000700.00325216
-815700.002111953	1000700.00256031
-815574.99658972	1000699.99593697
-815450.00086207	1000700.00039912
-815449.997278379	1000824.99522466
-815324.998692745	1000824.9991179
-815199.997777555	1000824.99565203
-815074.997972514	1000824.99618205
-814949.99927692	1000825.00070626
-814824.998252918	1000824.99786591
-814699.998338265	1000824.9990162
-814699.996979456	1000949.99582141
-814575.002871317	1000950.0034917
-814449.997758988	1000949.99670047
-814449.998889515	1001074.99816163
-814324.999577957	1001074.99789191
-814200.00137026	1001075.00160881
-814199.998055371	1001199.99921947
-814075.000461663	1001199.99952338
-813950.003969072	1001200.00381212
-813825.001652915	1001200.00356583
-813699.997009291	1001199.99594093
-813699.996865218	1001324.99621755
-813574.996256251	1001324.99653876
-813449.998493193	1001324.99941885
-813450.002554623	1001450.00296745
-813325.003643916	1001450.00385681
-813199.998500988	1001574.99992989
-813075.000396162	1001700.00184649
-813074.997861081	1001824.9976424
-812950.000657458	1001825.00250918
-812949.999395596	1001949.99762123
-812949.999908242	1002074.999431
-812824.99754348	1002074.99777219
-812824.999330261	1002199.99890235
-812824.997728541	1002324.99678671
-812824.99965481	1002449.99995088
-812824.999946988	1002574.99844947
-812825.002021119	1002700.00364625
-812950.001891774	1002700.00383649
-812949.999424287	1002825.00037461
-812950.000493695	1002950.00219024
-813074.997360487	1002949.99696398
-813074.999055746	1003075.00006366
-813074.999130769	1003199.99849244
-813075.002749302	1003325.00219699
-813075.00300171	1003450.00264859
-813074.999890796	1003574.99984623
-813075.002081048	1003700.00089975
-812950.003698761	1003700.00310113
-812949.996778656	1003824.99778902
-812950.003823865	1003950.00344608
-812825.000247453	1003949.99916852
-812699.997725066	1003949.99888681
-812700.000317765	1004075.00076905
-812574.998348414	1004074.99712035
-812450.002470618	1004200.00411408
-812449.999009644	1004324.99755707
-812324.999782638	1004324.99996848
-812325.002774399	1004450.00270701
-812200.002336322	1004450.00317519
-812074.997793498	1004449.99768244
-811950.002949147	1004450.00330039
-811825.00224684	1004450.00437119
-811825.001403049	1004575.00144354
-811699.999481809	1004575.00057027
-811699.998179894	1004699.99841562
-811575.001934448	1004700.00413906
-811575.001927167	1004825.00134419
-811449.997557545	1004824.99658738
-811325.002874676	1004825.00294158
-811200.004084795	1004825.0033244
-811074.999435399	1004824.99914886
-811075.001730489	1004700.00290313
-810949.996999516	1004699.99725929
-810950.001730262	1004575.00086081
-810825.00057859	1004450.00002713
-810825.002643636	1004325.00164931
-810700.000030327	1004324.99898525
-810700.000834337	1004450.00139579
-810574.996989881	1004449.9967795
-810450.002832804	1004450.0032621
-810450.00088042	1004575.00054478
-810450.002476082	1004700.00312974
-810450.000729436	1004825.00247281
-810575.000081998	1004825.000962
-810700.002222763	1004825.00201107
-810699.998301674	1004949.99857581
-810824.998610688	1004949.99956338
-810824.997133785	1005074.99597243
-810824.999215512	1005199.99767885
-810824.997965586	1005324.99613821
-810699.999359045	1005324.99872889
-810699.997643664	1005449.9979836
-810700.001246516	1005575.00112167
-810574.99736252	1005574.99727867
-810575.000500831	1005700.00121631
-810450.002251826	1005700.0039902
-810449.999792527	1005824.9987682
-810325.000285979	1005824.99961387
-810200.003551918	1005825.00302757
-810200.00348113	1005950.0026645
-810074.996842913	1005949.99701539
-809950.001616096	1005950.00106825
-809949.997041503	1006074.99702291
-809825.000546202	1006074.99914998
-809699.998179708	1006074.99670364
-809699.997735056	1006199.99612187
-809575.000977348	1006200.00030233
-809575.000059834	1006325.00054123
-809450.002024321	1006325.00279841
-809450.002390044	1006450.00244804
-809325.003073425	1006450.00278344
-809199.99788284	1006449.99853876
-809200.002364713	1006575.00167445
-809075.002766149	1006575.0040639
-808949.999049461	1006575.0004577
-808949.99900605	1006699.9999452
-808825.002631436	1006700.00156385
-808699.998623907	1006700.00000735
-808700.002682267	1006825.00300045
-808574.999135485	1006824.9981129
-808449.996586202	1006824.99719357
-808449.996108598	1006949.99655381
-808325.000887003	1006950.00086527
-808324.999925521	1007075.0010728
-808324.997424442	1007199.99662998
-808324.998499474	1007324.99750839
-808200.000726521	1007324.99952332
-808200.00132071	1007450.00125347
-808075.00223381	1007450.00135831
-807949.997264269	1007449.99686818
-807950.001942506	1007575.00213901
-807825.00252152	1007575.00430321
-807825.001607572	1007700.00045958
-807700.000863946	1007700.00071588
-807075.000389876	1007700.0003001
-807074.999243298	1007825.00071373
-807199.998988076	1007824.99930647
-807200.000387596	1007949.99953529
-807324.998316923	1007949.99797994
-807325.00050507	1008074.99943108
-807199.99850592	1008074.99652796
-807200.000206763	1008199.99885283
-807075.001969812	1008200.00402571
-807074.998082249	1008324.99724865
-806950.00026205	1008324.99911266
-806824.996551414	1008324.99636833
-806700.002426996	1008325.00474804
-806574.999074621	1008324.99712764
-806574.996925802	1008199.99741439
-806449.99862021	1008199.99820253
-806325.001283719	1008200.00294538
-806200.001579239	1008200.00025367
-806075.001084094	1008200.00292001
-805949.99822215	1008199.99814768
-805824.9980887	1008199.99591612
-805699.998923383	1008199.99763049
-805575.002485122	1008200.00188312
-805450.000161846	1008200.00150229
-805325.002325142	1008200.00225061
-805199.998604614	1008199.99836093
-805074.997610892	1008199.99700286
-804949.998094185	1008324.99871056
-804824.99845557	1008324.9979724
-804699.999780604	1008325.0011679
-804574.998741688	1008324.99690645
-804449.998666295	1008324.99657512
-804450.00004663	1008450.00047166
-804324.998591643	1008449.99822926
-804199.999857455	1008449.99851115
-804075.002083271	1008450.00271966
-803950.00018565	1008450.00086655
-803949.999081569	1008574.99816725
-803825.002638019	1008575.00298669
-803825.000995237	1008700.00122403
-803700.003158974	1008700.0041344
-803575.001197821	1008700.00097905
-803575.003505411	1008825.0029112
-803449.998386789	1008824.99924925
-803324.997742544	1008824.99670246
-803325.002231755	1008950.00374188
-803200.000184918	1008949.99928763
-803074.999088191	1008949.99875128
-802950.000701801	1008950.00072973
-802949.99817107	1009074.99847411
-802824.998374809	1009074.99854545
-802700.001286297	1009075.00113021
-802574.99831064	1009074.999037
-802449.999803772	1009074.99805314
-802325.000481464	1009075.00237922
-802324.998097267	1009199.99779062
-802199.999115752	1009199.9988085
-802075.002838543	1009200.00233385
-801950.000674339	1009200.00117123
-801825.001214314	1009200.00251256
-801825.001303486	1009325.00144276
-801700.000414438	1009325.00087601
-801575.002226977	1009325.00281182
-801449.999914339	1009324.99865263
-801449.997995587	1009449.99833993
-801325.001072889	1009450.00086975
-801199.998262429	1009449.99870011
-801200.001983321	1009575.00076869
-801074.997731845	1009574.99669201
-801075.000880174	1009699.99975226
-800950.002006211	1009700.0023696
-800824.999004843	1009699.99888459
-800824.99743676	1009824.99853814
-800700.001568338	1009825.00035202
-800574.998046793	1009824.99885569
-800449.998979528	1009824.99845643
-800449.997124742	1009949.99751699
-800325.003417702	1009950.00381733
-800199.99700209	1009949.996801
-800199.998996733	1010074.99967978
-800074.999698163	1010074.99796783
-799949.998581556	1010199.99964221
-799824.998738047	1010199.99991668
-799699.997622313	1010324.99601417
-799574.997225605	1010324.9982739
-799449.999383129	1010450.00020165
-799325.001951437	1010450.0016554
-799200.000556121	1010575.00081362
-799075.002554479	1010575.00425128
-799074.998847838	1010699.99771049
-798949.999357661	1010699.99925142
-798825.002541807	1010700.00327739
-798825.000883113	1010825.00200277
-798700.002572832	1010825.00413341
-798575.000129567	1010825.00013442
-798575.002274968	1010950.00274164
-798449.998333217	1010949.99684749
-798325.002100328	1010950.00344268
-798325.001239099	1011075.00132733
-798199.996698746	1011074.99741378
-798075.003391909	1011075.00320296
-798074.997755201	1011199.9977654
-797950.001172701	1011200.0030555
-797825.00036674	1011324.99928698
-797699.99813387	1011324.99654675
-797700.002473026	1011450.00469836
-797574.998721062	1011450.00006783
-797449.997629828	1011449.99791364
-797450.000709344	1011574.99998059
-797324.998093776	1011574.99593741
-797200.00316514	1011575.00438196
-797200.001449461	1011700.00315574
-797074.999961774	1011699.99969967
-796949.999363841	1011700.00010812
-796950.001406806	1011825.00282719
-796825.001039141	1011824.99995795
-796700.001558397	1011825.00095139
-796700.000561678	1011949.99900177
-796574.999539989	1011949.99810934
-796450.001168572	1011949.99968726
-796450.002149882	1012075.00309258
-796325.002231605	1012075.002786
-796199.998174	1012074.99632125
-796075.001784563	1012075.00234049
-795950.001255656	1012075.00219803
-795824.996588545	1012074.99589132
-795700.001353132	1012075.00067615
-795575.000212968	1012075.00068219
-795450.001718709	1012075.00314809
-795324.999087301	1012074.99944212
-795199.999101657	1012074.99819292
-795074.999994638	1012075.00078715
-795074.999300872	1012199.99939252
-794950.000392952	1012199.99871029
-794825.002360815	1012200.00186966
-794700.000191873	1012199.99884826
-794699.998199431	1012074.99739165
-794575.001122433	1012075.00254831
-794449.999910466	1012075.00151942
-794449.996361928	1011949.99693813
-794449.998142996	1011824.99643404
-794574.997698765	1011824.99741468
-794699.999902174	1011825.00084062
-794699.99681281	1011699.99711451
-794824.999215896	1011699.99725576
-794950.000737745	1011700.00261816
-794950.001330481	1011575.00290659
-795074.996274917	1011574.99635268
-795200.000654578	1011575.00087738
-795199.998152908	1011449.99654095
-795324.999212362	1011450.00055363
-795324.997828034	1011324.99593554
-795199.99921144	1011324.99766108
-795199.997043674	1011199.9956092
-795074.996743221	1011199.99689117
-794950.002124046	1011075.00409531
-794824.99778272	1011074.99735586
-794825.001786343	1010950.00201463
-794700.002553004	1010950.00345175
-794574.99919719	1010949.99869655
-794449.998502383	1010949.99637694
-794450.003366627	1010825.00367348
-794325.001002388	1010825.00089202
-794200.001300162	1010825.00054196
-794075.002494995	1010825.00400819
-794075.003214068	1010700.00392109
-793949.997729932	1010699.99689841
-793825.001689309	1010700.00093306
-793699.999767015	1010700.00014545
-793575.000506874	1010700.0017805
-793449.997130266	1010699.9972035
-793449.999156726	1010824.99869835
-793325.000990809	1010825.00083417
-793199.998707651	1010824.99675511
-793200.002590299	1010950.00368229
-793074.9987352	1010949.9976828
-792950.00254736	1010950.0041217
-792949.99825907	1011074.99644912
-792825.000492634	1011075.00096938
-792699.998607405	1011074.9992687
-792574.999376326	1011074.99998306
-792575.001230847	1011200.00068146
-792450.000414533	1011199.99947748
-792325.000484865	1011200.00207002
-792324.999164956	1011324.9982087
-792199.999409666	1011324.9975009
-792075.000538179	1011325.0005878
-792075.001041978	1011450.00219836
-791950.002339149	1011450.00198672
-791824.997751151	1011449.99692516
-791825.00183582	1011575.00263498
-791700.002412024	1011575.00430097
-791700.000790016	1011700.00115471
-791574.999760916	1011700.00090687
-791574.99919847	1011824.99755048
-791450.003323274	1011825.00403582
-791450.00205381	1011950.00185421
-791449.997568001	1012074.99652194
-791575.000179062	1012075.00005749
-791574.996730159	1012199.99589269
-791574.996831463	1012324.99722168
-791575.002251334	1012450.00266317
-791450.002175109	1012450.00208718
-791450.00013641	1012575.00005946
-791324.998437541	1012574.9975839
-791199.999366879	1012574.99752365
-791074.998434504	1012699.99905358
-790950.000360821	1012699.99950905
-790949.99870397	1012824.99711141
-790950.000603402	1012950.00021331
-790825.003391462	1012950.00311475
-790700.000278039	1012950.00115806
-790699.998982533	1013074.99976463
-790575.002749207	1013075.00318669
-790450.000613394	1013075.00174737
-790325.001095987	1013075.00271844
-790199.997445444	1013074.997444
-790075.003163292	1013075.00323225
-790075.001139795	1013200.00037273
-789949.996687144	1013199.99698986
-789825.003366761	1013200.00329077
-789824.998128612	1013324.99596122
-789700.001381172	1013325.00174792
-789575.000498946	1013325.00128152
-789574.998787805	1013449.99814792
-789450.002988023	1013450.00444786
-789325.003052665	1013450.00449188
-789200.003256155	1013575.00371761
-789074.997517012	1013574.99561063
-788949.999359189	1013574.99994152
-788824.9970662	1013574.99800916
-788699.998360426	1013699.99818054
-788574.996994778	1013699.99675307
-788450.000935661	1013825.00304169
-788325.000488736	1013825.00211907
-788324.999260218	1013949.99726355
-788200.002091933	1013950.00449303
-788075.002555783	1013950.00407491
-788074.996304281	1014074.99618062
-787950.001809292	1014075.00254119
-787825.000400549	1014199.99899384
-787699.998297671	1014199.99856759
-787575.00055922	1014199.99915723
-787574.999481568	1014325.00116947
-787450.000037695	1014324.99987335
-787324.998837707	1014449.99858908
-787199.998504216	1014449.99917168
-787200.003684499	1014575.00398097
-787075.001635978	1014575.00268053
-786950.002174565	1014575.00376742
-786949.997350204	1014699.99552781
-786825.002895139	1014700.00340614
-786699.9975725	1014699.99632251
-786700.001146949	1014825.00243571
-786575.000823993	1014825.00214535
-786450.003082837	1014825.00423954
-786449.99664543	1014949.99731698
-786324.997173302	1014949.99753101
-786200.00028032	1014950.00012821
-786199.997273445	1015074.99752937
-786074.998643498	1015074.99824794
-785950.000818395	1015075.00272003
-785824.996718542	1015199.99699883
-785700.001496623	1015200.00060175
-785575.000358692	1015199.99927444
-785574.999866548	1015325.00109894
-785449.996979394	1015324.99789384
-785449.999271971	1015449.99827533
-785325.001347039	1015450.00187657
-785199.996483031	1015574.99660451
-785074.999367458	1015575.00070847
-785074.997584664	1015699.99807727
-784950.000478578	1015699.99893865
-784825.002390964	1015700.00491545
-784824.997288277	1015824.99797699
-784699.999204821	1015825.00071224
-784700.001820868	1015950.0024047
-784575.001964744	1015950.00327028
-784450.003956268	1016075.00390867
-784324.998174591	1016074.99659062
-784325.003402461	1016200.00400081
-784200.002546269	1016200.00350392
-784074.997539811	1016199.99668885
-784074.999432125	1016324.99981883
-783949.999343953	1016324.99982736
-783950.002239092	1016450.00291989
-783825.000360059	1016450.00106383
-783700.001031224	1016450.00157791
-783700.000584795	1016575.00040274
-783574.99945976	1016574.99905323
-783450.000882252	1016575.00007248
-783450.003789794	1016700.00333109
-783325.001635591	1016700.00385543
-783199.99710245	1016699.99668447
-783200.003355925	1016825.00438697
-783075.003713492	1016825.00405021
-783075.002490749	1016950.00440567
-782950.001037324	1016950.00220901
-782824.997543352	1017074.99849364
-782699.996813857	1017074.99680366
-782699.999921768	1017200.00160752
-782574.997371823	1017199.9980605
-782449.997357556	1017199.99687731
-782449.997099502	1017324.99745533
-782325.00195042	1017325.00311696
-782200.002642675	1017325.00244066
-782199.999014052	1017449.99880048
-782074.997875158	1017449.99626914
-781949.9974908	1017449.9974636
-781949.998951729	1017574.99695046
-781824.99672997	1017574.99629116
-781824.997402518	1017699.99715223
-781700.001802207	1017700.00198063
-781575.000264655	1017700.00182827
-781574.997554408	1017824.99849224
-781450.002631298	1017825.00383043
-781325.003546354	1017825.00282094
-781324.997449425	1017949.99529501
-781200.001418817	1017950.00250625
-781075.001225558	1017950.00336655
-780949.998647588	1017949.99651035
-780949.998144571	1018074.99801447
-780824.998611394	1018074.99938049
-780700.00159513	1018075.0031001
-780699.999466952	1018199.99907181
-780575.000585128	1018200.00094363
-780449.997540303	1018199.99645632
-780325.003686851	1018200.00303101
-780325.000444899	1018324.99935436
-780199.996265245	1018324.99673133
-780074.996392952	1018449.99598054
-779950.001298532	1018450.0012119
-779950.002285955	1018575.00214774
-779824.998815769	1018699.99917017
-779699.999952533	1018700.0007145
-779700.001101343	1018825.00312086
-779575.002126371	1018825.00146323
-779574.99757531	1018949.99521172
-779449.998017747	1019074.99560235
-779325.000142635	1019075.00034515
-779325.002421068	1019200.00429926
-779199.997756295	1019199.99712637
-779200.001004094	1019325.00114893
-779075.001100991	1019325.00086088
-778950.001912073	1019325.00427954
-778950.003505805	1019450.00283438
-778825.002405916	1019450.0044195
-778699.998913233	1019449.99826837
-778575.003206853	1019575.00354321
-778449.998508266	1019574.99926133
-778324.998077621	1019574.99596291
-778324.999924746	1019700.00095649
-778199.997571161	1019699.99582589
-778075.002581802	1019700.00312006
-777950.003418554	1019700.00402837
-777949.999179411	1019824.99941196
-777824.998085687	1019824.99848845
-777699.999474247	1019824.99990301
-777700.000211607	1019949.99858591
-777574.999663618	1019949.99817034
-777449.999815062	1019950.00144833
-777449.997087355	1020074.99606913
-777324.997077009	1020074.99616083
-777199.999543541	1020074.99858778
-777075.002705815	1020075.00470522
-777074.998736152	1020199.99984012
-776950.001728844	1020200.002773
-776825.00054562	1020199.99930619
-776700.003257829	1020325.00256856
-776575.000811032	1020325.00095999
-776574.99652805	1020449.99674874
-776450.00054876	1020450.00069232
-776324.998610871	1020449.99958551
-776324.999265606	1020574.99872716
-776200.003787482	1020575.00317603
-776075.002349709	1020575.00257125
-776074.999509766	1020699.99769437
-775950.002743241	1020700.00400236
-775825.001797477	1020700.00389893
-775825.002099796	1020825.00374924
-775700.000958363	1020825.00046851
-775700.00041598	1020950.00181629
-775574.997293954	1020949.99671366
-775449.99922055	1021075.0000256
-775325.00320869	1021075.00416833
-775200.002090924	1021200.00399414
-775074.999905316	1021199.99989944
-775075.001695825	1021325.00080498
-774950.004149131	1021325.00363606
-774825.000636659	1021325.00139742
-774824.998908189	1021449.99832612
-774700.001809888	1021450.00166307
-774574.998744752	1021449.99992703
-774449.996835103	1021574.99672834
-774325.002622197	1021575.00289006
-774200.00244131	1021575.00397379
-774199.997616403	1021699.9962348
-774075.002049017	1021700.00425177
-773950.002344947	1021825.00154494
-773825.000570966	1021825.00131583
-773700.001237277	1021825.0034008
-773699.995960844	1021949.99651789
-773575.003009007	1021950.00419116
-773449.997462313	1021949.99802482
-773450.003669811	1022075.00336113
-773325.002714528	1022075.0041354
-773199.997572273	1022074.99846769
-773200.000225223	1022199.99987945
-773074.999667072	1022200.00115468
-772950.003325124	1022200.0033907
-772825.002249208	1022325.00266183
-772699.997890694	1022324.99799063
-772575.002579551	1022325.00438239
-772575.002034086	1022450.00125995
-772449.99805487	1022449.99708663
-772325.003118415	1022450.00397627
-772324.999001222	1022574.99695513
-772200.002007438	1022575.00203809
-772075.000823221	1022575.00066623
-771950.002062774	1022575.00159693
-771950.003109838	1022700.00409503
-771825.002285184	1022700.00321916
-771699.997270544	1022699.99588313
-771574.999502929	1022700.00095466
-771449.999330092	1022699.99821609
-771324.999792382	1022699.9991208
-771200.002673962	1022700.0023211
-771200.001600938	1022575.00355893
-771074.996396108	1022574.99697508
-770950.000220323	1022575.00144564
-770824.99985733	1022574.99944223
-770700.000129696	1022575.00107238
-770699.999995187	1022699.99826661
-770574.998185417	1022699.99808455
-770574.997146956	1022824.99687475
-770450.001640339	1022825.00230364
-770325.001944823	1022825.00125292
-770324.997282605	1022949.99620139
-770200.002097961	1022950.00210906
-770075.000938187	1022950.00287832
-769949.997375343	1022949.99581836
-769825.001039255	1022950.00115383
-769700.000514526	1022950.00000085
-769700.002063212	1023075.00246154
-769574.999435922	1023074.99949861
-769449.9992176	1023074.99881498
-769325.003176135	1023200.00239722
-769200.001469517	1023200.00352566
-769199.997508506	1023324.99702016
-769075.002068233	1023325.00377188
-769074.998973688	1023449.9975488
-768950.001414562	1023450.00249532
-768949.997400066	1023574.99789975
-768824.999505061	1023574.99970029
-768825.002948016	1023700.00416908
-768700.002926679	1023700.00416774
-768700.000644466	1023825.00015207
-768574.998493986	1023824.99834965
-768575.003666946	1023950.00340617
-768449.999383127	1023949.99980445
-768449.997046079	1024074.99772193
-768324.999000259	1024074.99975985
-768200.003343428	1024075.00407474
-768199.997341935	1024199.99822016
-768074.999541816	1024200.00073907
-768075.002776894	1024325.00263027
-767950.002829291	1024325.00335521
-767824.996458423	1024449.99704597
-767699.998530849	1024449.99691238
-767699.997167777	1024574.9966994
-767575.00316252	1024700.00366282
-767450.001277762	1024825.00037274
-767449.998672871	1024949.9977359
-767324.998091365	1024949.99561691
-767325.002927905	1025075.00209005
-767199.998387305	1025074.9995257
-767074.99916117	1025200.00063988
-766949.996605326	1025199.9972274
-766950.000410155	1025324.99896442
-766825.002248756	1025325.0025593
-766699.99820686	1025449.99899582
-766575.002014581	1025450.00174614
-766575.001201122	1025575.00144437
-766574.997438665	1025699.99808244
-766450.002865116	1025700.00245823
-766449.999964641	1025824.99944002
-766325.001404978	1025825.00337918
-766324.999366319	1025950.0007077
-766200.000397829	1025950.0015363
-766199.999221259	1026074.99921454
-766074.99805002	1026074.99827157
-766074.997735593	1026199.99630255
-765950.000923124	1026200.00238496
-765950.001470391	1026325.00077206
-765825.002446238	1026325.00508685
-765825.00385525	1026450.00383308
-765699.998324561	1026574.99669202
-765700.002437562	1026700.0028749
-765574.998000334	1026699.99694799
-765575.002976361	1026825.00349687
-765574.998468429	1026949.9981865
-765449.998513801	1027074.99778409
-765449.998513396	1027199.99858163
-765450.003948014	1027325.00378309
-765324.998063369	1027324.99716619
-765325.002574671	1027450.00407709
-765200.002802041	1027450.00317527
-765200.001627268	1027575.00165998
-765199.997544801	1027699.99708276
-765199.99890571	1027824.99691098
-765075.002654077	1027825.00247788
-765075.003095589	1027950.00402188
-765075.000636695	1028075.00250305
-765074.997074798	1028199.99658513
-764949.999569859	1028199.99849699
-764950.001644576	1028325.00310407
-764825.001881135	1028325.00327935
-764824.998284499	1028449.99946663
-764699.998054706	1028449.99657144
-764574.998341019	1028449.99729525
-764574.999391799	1028574.99732738
-764449.997410574	1028574.99631694
-764449.997543288	1028699.9980787
-764325.001632343	1028700.00281119
-764324.996096314	1028824.99616101
-764199.999705419	1028824.9978291
-764075.002026221	1028825.00444804
-763950.0019015	1028825.00320345
-763824.997536905	1028824.99542657
-763825.000553278	1028950.002245
-763700.000446778	1028950.00154987
-763699.999587927	1029074.99863356
-763575.001949768	1029200.00385412
-763574.999088185	1029324.99829194
-763449.998147006	1029324.99761679
-763450.000901202	1029450.00262017
-763324.999458348	1029449.99888904
-763325.003085152	1029575.00431356
-763324.997308386	1029699.99786085
-763199.997304398	1029699.99589123
-763199.998939719	1029824.99867974
-763199.997713254	1029949.99840758
-763074.999138542	1029949.99820793
-763074.998789978	1030074.99836327
-762949.997901365	1030074.99644966
-762949.998430752	1030199.99703547
-762825.001756226	1030200.00223003
-762825.003163111	1030325.00324969
-762699.999920303	1030449.9993685
-762575.00039563	1030449.99981273
-762575.001759693	1030575.00303958
-762450.00170395	1030575.00044572
-762449.997418233	1030699.99529118
-762324.999757918	1030700.00114611
-762324.996350883	1030824.99643623
-762199.998151641	1030824.9992569
-762200.002148584	1030950.00382038
-762075.003406601	1030950.00360919
-762074.999957668	1031075.00112801
-761949.998870968	1031074.99921598
-761949.998100649	1031199.99585831
-761825.001187607	1031200.00107494
-761824.999496099	1031324.99950384
-761700.002029339	1031325.00169411
-761700.001216478	1031450.00058271
-761575.001392664	1031450.0010777
-761575.001458498	1031575.00042898
-761449.999274076	1031574.99922993
-761324.999342084	1031575.00031338
-761325.00398785	1031700.00365784
-761200.001689011	1031700.00304878
-761199.99889394	1031824.99936109
-761075.002541495	1031825.0045647
-761075.000623411	1031950.00135065
-760950.003697119	1031950.00353722
-760950.000854979	1032075.00212789
-760825.00155041	1032075.00262699
-760825.001386665	1032200.00036914
-760699.999700259	1032199.99918222
-760699.998612117	1032324.99873459
-760700.003027006	1032450.00273741
-760575.002641012	1032450.00340983
-760574.999622604	1032575.00038976
-760449.998647287	1032574.99805393
-760324.998103517	1032574.99932794
-760324.99964605	1032700.00034589
-760199.998506923	1032699.99861361
-760200.000926493	1032825.00012615
-760074.997386265	1032824.99671604
-759950.001242432	1032950.00248044
-759824.999326626	1032949.99834858
-759824.998864955	1033074.99690373
-759700.001041649	1033074.9999389
-759574.997136231	1033074.99773734
-759575.001216527	1033200.00036199
-759450.003198502	1033200.00400444
-759325.000900518	1033200.0010816
-759325.001212183	1033325.00026727
-759200.002991074	1033325.00451653
-759199.997675549	1033449.9953729
-759074.998831566	1033449.99662638
-759074.999082065	1033574.99817198
-758949.997807447	1033574.99775644
-758949.998928816	1033699.999824
-758824.99702414	1033699.99641627
-758824.999016643	1033824.99900875
-758700.001168289	1033825.00278361
-758699.997538091	1033949.99705524
-758574.999051992	1033949.9978421
-758450.000967059	1033950.00223038
-758450.000049328	1034075.00194241
-758325.001320597	1034075.00334441
-758199.998304737	1034074.9981711
-758074.997492404	1034074.99527196
-757949.999649086	1034199.99946545
-757824.99858202	1034199.99717687
-757825.002015813	1034325.00121983
-757699.998487729	1034324.9972701
-757700.000978797	1034450.00318479
-757574.996791575	1034449.99625268
-757450.001284596	1034450.00044747
-757450.00177954	1034575.00166284
-757324.997317565	1034574.99534373
-757199.999725433	1034575.00147301
-757199.998220396	1034699.99799675
-757074.999956502	1034700.00114789
-756949.99740094	1034699.99770988
-756949.998566412	1034824.99972968
-756825.001814471	1034825.00217362
-756699.998963841	1034824.99934668
-756699.998119634	1034949.99669161
-756575.001065353	1034949.99974942
-756449.997911252	1034949.99753307
-756449.999723384	1035075.00039269
-756325.002357654	1035075.00406418
-756324.998547264	1035199.9986399
-756200.000490052	1035199.99933987
-756200.00220092	1035325.00467906
-756075.001641391	1035325.00372925
-756074.999539209	1035449.99946884
-755949.996474483	1035449.99687016
-755824.997931419	1035574.99649606
-755700.002806984	1035575.00206163
-755575.001576004	1035575.00234368
-755450.002515759	1035575.00488766
-755325.000964986	1035574.9995066
-755199.997969876	1035574.999021
-755199.998964537	1035699.99904083
-755075.003527836	1035700.0031402
-754950.001984516	1035700.00194651
-754949.999128416	1035824.99866695
-754825.003328797	1035825.00337909
-754700.002981153	1035950.00377683
-754575.000938032	1036075.00314385
-754575.000606697	1036200.00170099
-754574.997548146	1036324.99721742
-754449.99951493	1036324.99934276
-754449.997300868	1036449.99547749
-754449.998823984	1036574.997445
-754325.001809721	1036575.00159611
-754324.997720551	1036699.9953112
-754199.998153516	1036699.99782886
-754200.001368024	1036825.00104429
-754200.001867881	1036950.00121851
-754199.999655951	1037074.9983506
-754200.001190115	1037200.00131677
-754325.001230178	1037200.00056062
-754324.996495517	1037324.99681239
-754450.001568595	1037325.00352982
-754450.000642204	1037449.99930983
-754450.001658907	1037575.0022374
-754450.001787244	1037700.00080154
-754574.998304089	1037699.99877664
-754574.998625844	1037824.9994981
-754700.001976596	1037825.00363726
-754699.997848904	1037949.9963208
-754824.999763892	1037949.99906682
-754949.997354625	1037949.9952164
-754950.002763044	1038075.0041388
-755074.998913336	1038074.99890135
-755074.999872029	1038199.999784
-755074.998144164	1038324.99761291
-755075.000187586	1038450.00126464
-755075.001361845	1038575.00054369
-755200.000070926	1038574.99934659
-755325.000902928	1038575.00044122
-755324.998704949	1038699.99819825
-755449.998082948	1038699.99791639
-755449.997900039	1038824.99650357
-755575.002276942	1038825.00372509
-755575.002296645	1038950.00446012
-755700.000570444	1038950.00011572
-755700.000794176	1039075.00299724
-755700.000162338	1039200.00149791
-755699.996864488	1039324.99693574
-755699.997358022	1039449.9981879
-755700.003458716	1039575.00393567
-755825.000667292	1039574.99997439
-755825.00052849	1039699.9989836
-755950.00271799	1039700.00253779
-756075.000560598	1039699.99952681
-756074.997052261	1039824.99700285
-756074.999160178	1039949.99896894
-756200.000207603	1039949.99848795
-756200.002532803	1040075.00259079
-756325.000281856	1040075.00207653
-756324.998185242	1040199.99811721
-756450.002718136	1040200.00381095
-756450.000840432	1040325.00198631
-756324.999897742	1040324.99996426
-756324.998966655	1040449.99873925
-756200.00189507	1040450.00403574
-756075.002282997	1040450.00145742
-755950.002951829	1040450.00252133
-755824.997449482	1040449.99834513
-755825.000580526	1040324.99998255
-755700.001862579	1040325.00200641
-755574.998791232	1040324.99746629
-755449.997817409	1040324.99524144
-755324.997124569	1040324.99664908
-755325.001845433	1040450.00086406
-755325.002109525	1040575.00333097
-755450.002107546	1040575.00343259
-755449.997977962	1040699.99782593
-755574.999905741	1041075.00091799
-755575.002836684	1041200.00467353
-755699.999227065	1041199.99721907
-755700.002405911	1041325.00309575
-755825.001933994	1041325.00448142
-755950.001072151	1041200.00081349
-756450.002168892	1041200.00175786
-756575.003070005	1041200.00437754
-756574.999520431	1041324.99826919
-756574.999800139	1041449.99796225
-756575.002092617	1041575.00477744
-756574.998951882	1041699.99699061
-756450.002319296	1041700.00285561
-756325.000915999	1041825.00000131
-756199.997307214	1041824.99778846
-756199.997879181	1041949.99621867
-756074.999927361	1041950.00003493
-755949.997602273	1041949.99730625
-755950.000904861	1042075.00136054
-755950.001599758	1042200.0023364
-755825.000236161	1042200.0017694
-755825.001901873	1042325.00336257
-755825.000965385	1042450.00187658
-755950.002773694	1042575.00323806
-755949.999508793	1042700.0007788
-756074.996896195	1042699.996466
-756200.002789414	1042700.00338717
-756199.998037504	1042824.99801618
-756325.002412562	1042825.0035898
-756324.999752048	1042949.99900379
-756450.002605538	1042950.00323309
-756450.000217263	1043075.0007509
-756575.001545781	1043075.00363931
-756700.000307372	1043074.998679
-756824.999306206	1043074.99739834
-756949.998543116	1043074.99979904
-756950.000570117	1042950.00060379
-756950.000006887	1042824.99831939
-756950.001479367	1042700.00315093
-757075.000659705	1042700.00121028
-757074.99850164	1042574.99643592
-757074.998375921	1042449.99877716
-757199.998544183	1042449.99900207
-757200.001234673	1042325.00061621
-757199.999503085	1042200.00046434
-757325.00066896	1042200.00284653
-757449.999274786	1042199.99738283
-757450.002139273	1042075.00149866
-757575.002785769	1042075.004711
-757700.000872938	1042075.0000799
-757700.000067034	1041950.00089726
-757825.002021154	1041950.00361789
-757949.999598125	1041949.99981997
-758074.999254645	1041949.9983823
-758074.998395672	1041824.99956068
-758199.997289226	1041824.9952732
-758325.002906728	1041825.00354548
-758449.997687681	1041824.99643076
-758450.000612604	1041950.00201401
-758575.00213411	1041950.00115446
-758700.003919355	1041950.00398556
-758699.998805449	1042074.9978322
-758824.999046949	1042074.99937432
-758825.002439775	1042200.00289055
-758950.001134832	1042200.00314641
-758950.000112826	1042324.99858306
-758950.001129389	1042450.00112006
-758949.999544459	1042575.00055828
-758949.997180764	1042699.99557222
-758825.002893341	1042700.00373171
-758699.997758675	1042699.99651818
-758699.998229801	1042824.99708332
-758574.996968562	1042824.99723614
-758574.998467556	1042949.99836935
-758450.002893336	1042950.00456819
-758449.998964351	1043074.99739456
-758325.000796157	1043075.00208781
-758324.997896574	1043199.99548726
-758199.998951535	1043199.99735279
-758200.001713917	1043325.00153158
-758200.001892975	1043450.00261192
-758199.999491581	1043575.00059291
-758325.002324146	1043575.00413387
-758325.002005697	1043700.00289342
-758324.999112233	1043824.99855143
-758325.000098083	1043949.99998843
-758199.999829735	1043949.99992978
-758200.001856971	1044075.00194667
-758200.001316571	1044200.00086119
-758075.002044127	1044200.00299789
-758075.002547798	1044325.00249546
-758075.00048933	1044449.99888996
-758075.00049604	1044575.00238787
-758074.999768278	1044700.00145857
-758074.99830957	1044824.99610114
-758074.998921966	1044949.99784631
-758074.99698461	1045074.99648538
-758075.000769692	1045199.99958059
-758075.000185778	1045325.00089175
-758199.998251318	1045324.99710573
-758199.999788931	1045449.99917568
-758325.002720359	1045450.0029813
-758324.998110461	1045574.99824617
-758324.999233747	1045699.99796294
-758449.99697275	1045699.99678192
-758449.998397308	1045824.99857714
-758449.997289887	1045949.99725962
-758574.998100493	1045949.99865743
-758574.999123135	1046074.99809216
-758575.002237235	1046200.00462324
-758574.998208968	1046324.99782765
-758699.998473035	1046324.99810895
-758700.001198868	1046450.00227303
-758824.99986418	1046450.00127367
-758824.99828359	1046574.99729731
-758950.001790621	1046575.00390795
-758950.000521798	1046700.0020019
-759074.996849869	1046824.99728968
-759199.998969142	1046825.00003079
-759324.996651971	1046824.99631354
-759450.002789895	1046825.00391191
-759574.998044529	1046824.99616979
-759699.999928873	1046825.00107133
-759824.999202947	1046824.99819598
-759824.996982078	1046949.99708442
-759950.001083728	1046950.00184062
-759950.000996996	1047075.00147174
-760074.997026078	1047074.99609399
-760074.997247619	1047199.99779256
-760075.003240165	1047325.00391974
-760200.000455832	1047325.00249144
-760200.000311479	1047450.00179923
-760324.997722504	1047449.99780153
-760324.999718966	1047574.99784632
-760450.001943083	1047575.00149308
-760450.002424053	1047700.0049283
-760450.002238667	1047825.00390202
-760449.999561437	1047949.9997406
-760324.999974463	1047949.9996045
-760324.99844573	1048074.99599872
-760324.999047101	1048199.99947056
-760324.998993259	1048324.9984794
-760199.997584563	1048324.99543422
-760199.996853471	1048449.99632976
-760200.001916824	1048575.00164991
-760199.996229582	1048699.99627159
-760325.003285569	1048700.00334488
-760324.999764646	1048824.99869025
-760449.996894954	1048824.99696531
-760450.00198561	1048950.00192081
-760574.99929185	1048949.99763456
-760574.998276906	1049074.99575014
-760700.000368974	1049074.99912117
-760824.997995446	1049074.99607451
-760825.000123623	1049200.00142761
-760825.00161826	1049325.00230897
-760825.000651253	1049450.00004557
-760825.003668752	1049575.00352515
-760824.995954522	1049699.99629781
-760825.000503714	1049825.00237392
-760700.00172015	1049825.00361213
-760574.998462609	1049824.99843853
-760450.001904194	1049950.00222563
-760324.99794054	1049949.99814873
-760199.997774009	1049949.99522001
-760074.997738744	1049949.99609221
-760075.002637513	1050075.00300131
-760074.998652972	1050199.99787346
-760199.997871441	1050199.99846667
-760200.002523317	1050325.00293883
-760199.996464235	1050449.99669844
-760075.002665094	1050450.0048643
-760074.999627908	1050574.99786762
-759949.996703824	1050574.99576879
-759949.999456054	1050699.99956707
-759825.002106077	1050700.00366856
-759700.000273485	1050700.00135243
-759575.000391371	1050700.00151311
-759574.996868123	1050824.99687211
-759574.99734586	1050949.99798369
-759575.003660461	1051075.00352241
-759574.999284888	1051199.99834294
-759449.999279001	1051200.00075292
-759449.996094741	1051324.9961585
-759325.003475908	1051325.00345711
-759324.999647856	1051450.00077633
-759199.99788646	1051449.99781672
-759200.003511489	1051575.00330269
-759199.998459906	1051699.99806659
-759199.999257552	1051824.99725998
-759200.00223449	1051950.00353321
-759074.999896635	1052074.99950567
-759075.001665233	1052200.00322759
-758950.002451891	1052200.00363095
-758824.998740965	1052199.99761555
-758700.003375726	1052200.00298871
-758575.001676191	1052200.00326397
-758575.000191972	1052075.00103009
-758449.998658301	1052074.99870955
-758449.997316493	1052199.99579061
-758324.999462813	1052200.00102665
-758199.998948692	1052199.99851141
-758074.99852001	1052199.99979659
-758074.997290387	1052324.99742036
-758075.00007875	1052450.00080902
-758199.999751156	1052450.00091269
-758199.998393477	1052574.99607369
-758199.999221656	1052699.99832099
-758325.001889091	1052700.00096921
-758324.996737474	1052824.99630967
-758324.997451073	1052949.99608772
-758450.001269631	1052950.0026072
-758450.002423139	1053075.00438425
-758575.001577818	1053200.0031736
-758700.001328996	1053325.00136625
-758824.999835998	1053450.00028838
-758825.001777251	1053575.00357836
-758949.99893495	1053574.99861786
-758950.003161461	1053700.00257645
-759075.001458376	1053825.00363195
-759074.997346234	1053949.99751778
-759199.998521139	1054074.99864855
-759199.998911604	1054200.00027433
-759325.000283657	1054199.99919012
-759325.001127573	1054325.00280347
-759450.000791589	1054325.00046976
-759449.997513634	1054449.99583547
-759449.998295636	1054574.99694796
-759574.999059702	1054574.99851547
-759575.000299128	1054700.00161211
-759700.001187696	1054700.00061113
-759699.996469143	1054824.99678204
-759699.997658882	1054949.99737056
-759700.002917525	1055075.00370284
-759699.999416795	1055199.99795909
-759449.998544546	1055324.99955905
-759324.998353181	1055324.99902989
-759200.000039006	1055325.00102497
-759200.00156982	1055200.00112158
-759075.001535986	1055200.00186682
-758949.996969617	1055199.99621921
-758950.001790799	1055075.00343162
-758825.003762014	1055075.00411624
-758825.002647389	1054950.00439251
-758700.002907298	1054950.0038178
-758699.997697121	1054824.99583487
-758700.00295972	1054700.00251847
-758574.99792285	1054699.99690639
-758574.997245113	1054574.9966578
-758449.998756962	1054574.99736816
-758449.998549156	1054449.99910081
-758324.998361152	1054449.9985419
-758200.000060342	1054450.00048665
-758199.998578275	1054324.99910185
-758074.998582776	1054324.99977107
-757950.00231552	1054325.00161693
-757950.002708981	1054450.00296816
-757825.003658141	1054450.00350181
-757824.99886601	1054574.99656684
-757824.996287318	1054699.99671708
-757824.999604859	1054825.00130746
-757699.998509957	1054824.99918379
-757700.003052822	1054950.00440772
-757575.001004365	1054949.99965644
-757574.999294433	1054824.99956099
-757450.00195744	1054825.00243798
-757325.000095182	1054824.99889548
-757324.997145345	1054699.99566334
-757199.999998796	1054699.99974346
-757074.998328806	1054699.99739936
-757075.000546144	1054574.99994806
-756949.997193593	1054574.99630248
-756825.003109181	1054450.00347628
-756699.99995943	1054450.00101293
-756700.001434078	1054325.00240165
-756574.998450488	1054324.99730665
-756450.003750427	1054325.00361458
-756450.002158817	1054200.0031852
-756324.999389047	1054199.99925624
-756199.998503741	1054199.99780595
-756200.002089853	1054075.00315765
-756074.999539976	1054075.00038436
-755949.998875469	1054075.00008561
-755950.002383124	1054200.00233707
-755825.000749181	1054199.99939412
-755825.003600778	1054325.00363073
-755950.001691495	1054325.00276861
-755949.998643171	1054450.00005995
-756075.002596444	1054575.00342063
-756199.998984059	1054699.99850865
-756200.002820338	1054825.00421064
-756325.000379603	1054950.0006034
-756324.995976865	1055074.99621001
-756324.997470461	1055199.99627327
-756450.001106022	1055200.00282899
-756449.996710847	1055324.99593825
-756575.000505877	1055324.99985898
-756575.003015435	1055450.00385919
-756700.00174753	1055575.0035124
-756699.99788063	1055699.996085
-756825.001143007	1055700.00250258
-756824.997788557	1055824.99703968
-756824.99850387	1055949.99734699
-756825.003290362	1056075.00342473
-756824.999359979	1056199.99742458
-756824.997661933	1056324.99851476
-756825.001884693	1056450.00405368
-756949.997601334	1056449.9950816
-756950.002349757	1056575.00257709
-756949.998392382	1056699.99799055
-756949.998519549	1056824.99917127
-756949.998184899	1056949.99587233
-756950.000094102	1057074.99966152
-756949.999701556	1057200.00029115
-756949.997010149	1057324.99776036
-756950.000258916	1057449.99967464
-756949.999368237	1057574.99974859
-756949.998032414	1057699.99533909
-756949.998951565	1057824.99801613
-756949.997584336	1057949.99752982
-756950.002168405	1058075.00148753
-756950.002624422	1058200.00360199
-756824.999978707	1058199.99859323
-756825.001706291	1058325.00137018
-756825.001157833	1058450.00098211
-756824.998336222	1058574.99742812
-756699.99992474	1058574.99882921
-756699.998380082	1058699.99594108
-756574.997098897	1058699.99609654
-756575.003214327	1058825.00281027
-756574.998833038	1058949.99874544
-756575.000419752	1059074.99912673
-756574.997897654	1059199.99766114
-756575.001347823	1059325.00064139
-756575.000693543	1059450.00177374
-756574.999635667	1059574.99841637
-756450.002115556	1059575.00382459
-756450.000498587	1059700.00246225
-756325.003460809	1059825.00331596
-756200.003856008	1059825.00362691
-756199.996593643	1059949.99600441
-756075.002722856	1060075.00470538
-755950.001020507	1060074.99992543
-755824.999259846	1060074.99900465
-755699.999290194	1060075.00062238
-755700.001665764	1060200.00208276
-755575.000637478	1060200.00115754
-755575.002449266	1060325.00463051
-755575.003877437	1060450.00361744
-755575.001223434	1060575.00075489
-755699.998053191	1060574.9990347
-755699.997869293	1060699.99676206
-755825.001179167	1060700.00134474
-755950.003179918	1060825.00424565
-756075.000152893	1060825.00111826
-756074.999532499	1060949.99747899
-756200.001127094	1060950.00198213
-756200.00112657	1061075.00024909
-756325.002819577	1061075.00212474
-756325.001587701	1061200.00361699
-756450.003376139	1061200.00286812
-756449.998245304	1061324.99600365
-756574.998285194	1061449.99925366
-756699.996549684	1061449.99590595
-756700.000890021	1061575.00046699
-756700.001167421	1061700.00316866
-756825.002352345	1061700.00228659
-756824.998736398	1061824.99662648
-756824.997435364	1061949.99804572
-756949.999680376	1061950.00095382
-756950.000862039	1062075.00294982
-756949.999843866	1062200.00176155
-757074.998623794	1062199.99820025
-757074.99823864	1062324.99890706
-757074.997513017	1062449.99510613
-757199.997339618	1062449.99534105
-757200.001767708	1062575.00369607
-757325.00166285	1062575.00132833
-757325.002210051	1062700.00131212
-757449.998460527	1062699.99898876
-757449.999645432	1062825.00086324
-757575.00233044	1062825.00488492
-757574.999636072	1062949.99838591
-757700.00052456	1062950.00113647
-757699.998469731	1063074.99652611
-757824.997558282	1063074.998009
-757825.002516734	1063200.00422744
-757824.998924508	1063324.9983097
-757950.00088435	1063325.00228709
-757949.997935431	1063449.9982548
-757949.999186696	1063574.99996675
-758074.997638647	1063574.99750028
-758074.999536505	1063700.00109535
-758075.001123057	1063825.00016844
-758200.00057746	1063825.00152515
-758200.002813893	1063950.00247893
-758200.001030614	1064075.00155502
-758324.996965114	1064074.99647319
-758449.998176075	1064199.99871358
-758575.002254448	1064200.00261158
-758575.000072477	1064325.00026001
-758700.002323518	1064325.00291313
-758825.003072553	1064450.00252572
-758949.998852839	1064449.99761594
-758950.002641455	1064575.00277576
-759074.996585619	1064574.99663091
-759075.00288576	1064700.00234087
-759200.00322359	1064700.00257932
-759200.001944937	1064825.0025479
-759325.000440252	1064825.00155757
-759325.001674955	1064950.00207401
-759325.000766398	1065074.99937772
-759450.00021485	1065075.0022465
-759449.999964249	1065200.00142091
-759449.997575433	1065324.99738049
-759449.999424739	1065449.99906584
-759449.999140649	1065574.99753536
-759450.001238531	1065700.00305587
-759450.003067613	1065825.00403407
-759575.001108986	1065825.00029397
-759575.003609058	1065950.0031351
-759575.002124947	1066075.00408302
-759700.002960008	1066075.00288046
-759825.001117745	1066200.00327259
-759824.998331599	1066324.99634655
-759950.00180173	1066325.00166121
-760075.001287943	1066450.00070062
-760199.99821934	1066449.99852044
-760199.99957367	1066575.00039328
-760325.002861769	1066575.00462618
-760324.998517935	1066699.99941462
-760450.001785983	1066700.0011219
-760449.998118677	1066824.99776643
-760574.999501736	1066824.99827832
-760574.996511658	1066949.99677796
-760574.999653506	1067074.99966175
-760700.001930722	1067075.00406537
-760699.999379137	1067199.99986034
-760825.001625696	1067200.00174757
-760824.999755541	1067324.99939424
-760825.002162502	1067450.0027493
-760949.998917606	1067449.99959336
-760950.002009063	1067575.00479779
-760949.998498648	1067699.99649689
-761074.997992396	1067699.99591455
-761074.999679904	1067824.99973079
-761074.999280247	1067950.00030997
-761200.001507145	1067950.00230386
-761200.003662264	1068075.00339943
-761324.997604513	1068074.995276
-761324.998587522	1068199.99954371
-761324.999355147	1068324.99924225
-761450.002392793	1068325.0026436
-761449.997482209	1068449.99524115
-761574.998600238	1068449.99747425
-761575.000758714	1068575.00085449
-761575.000844867	1068700.000991
-761699.998300874	1068699.99687037
-761699.999086112	1068824.99884484
-761699.997804076	1068949.99757348
-761700.000829694	1069075.00199883
-761574.999575122	1069075.00114648
-761574.997770608	1069199.99724443
-761575.000277646	1069324.99903968
-761700.000696488	1069325.00110821
-761699.997543458	1069449.99579054
-761699.996840005	1069574.99749773
-761700.00232088	1069700.0035712
-761699.999382734	1069824.99744944
-761699.998899786	1069949.9983518
-761699.996372304	1070074.99600279
-761825.001544532	1070075.0004225
-761824.999739947	1070199.99989764
-761950.002965587	1070200.00316126
-761950.001884599	1070325.00445956
-762074.99865901	1070324.99629485
-762074.998303014	1070449.99941497
-762074.997780352	1070574.9979491
-762200.001730543	1070575.00265771
-762200.001935678	1070700.00301159
-762200.000111132	1070825.00010744
-762200.002627385	1070950.00289137
-762200.001249407	1071075.00374659
-762199.999718638	1071200.00001166
-762200.00253495	1071325.00196405
-762324.99827371	1071449.99754776
-762324.999815949	1071574.99804972
-762324.997475654	1071699.99661927
-762450.003305769	1071700.00373044
-762450.001710891	1071825.00410877
-762449.999979474	1071949.99989136
-762575.00022152	1071950.00198887
-762574.999239292	1072074.99957744
-762699.999370863	1072074.99921
-762699.999138739	1072199.99860358
-762824.997285518	1072199.99710535
-762824.997804193	1072324.99830295
-762950.002200804	1072325.00329383
-762949.997104718	1072449.9973464
-763074.99951015	1072450.0012128
-763074.997038251	1072574.99573573
-763074.99706794	1072699.99726641
-763200.002096946	1072700.00375297
-763199.998388119	1072824.99680326
-763199.997185235	1072949.99685967
-763324.998465447	1072949.99702085
-763324.998021113	1073074.99887489
-763324.997466654	1073199.99612047
-763449.999485209	1073200.00023984
-763449.999692588	1073324.99928063
-763449.996048724	1073449.99637561
-763575.002545591	1073450.00179133
-763574.999666418	1073575.00067951
-763699.997784005	1073574.99603844
-763699.997544662	1073699.99538558
-763825.000010566	1073699.99858908
-763825.000537741	1073824.99972724
-763950.000983398	1073825.00182942
-763950.002277788	1073950.00475762
-763950.003480601	1074075.00306842
-764075.000145289	1074074.99886321
-764075.000244473	1074200.00029482
-764200.003121005	1074200.00261052
-764199.997625626	1074324.99687988
-764199.996537515	1074449.99681059
-764325.001987978	1074450.00177437
-764325.001674136	1074575.00348971
-764325.001282083	1074700.0005816
-764324.997063529	1074824.99571719
-764325.002619594	1074847.91434479
