2293175.00454776	851362.228377508
2293175.00297862	851324.999024597
2293049.99547103	851324.997992401
2293050.00179532	851200.001692261
2292925.00032833	851075.000920865
2292924.99967931	850949.997874594
2292799.99709086	850950.000714197
2292674.99560502	850949.999516738
2292675.00413122	850825.000992697
2292549.99883453	850699.997918434
2292425.00037214	850699.999281363
2292425.00232852	850574.999333456
2292299.99481335	850574.998057211
2292300.00404793	850450.001318735
2292174.99804417	850450.001323967
2292175.00547591	850324.999875109
2292174.99567785	850199.996480533
2292050.00364311	850200.00300544
2291925.0021458	850200.001574716
2291925.00151654	850075.002710186
2291800.0015302	850075.002562411
2291799.99909462	849949.998991444
2291675.00061915	849950.000127179
2291550.00176229	849950.00122543
2291549.99792783	849824.998270625
2291425.00058189	849825.000652505
2291425.00402011	849700.000911806
2291299.99762019	849700.000660048
2291175.002887	849700.000288497
2291049.9957253	849699.999958719
2290925.00023029	849699.999508704
2290924.99548571	849574.999118263
2290800.00150157	849574.999952325
2290674.99657234	849574.996828053
2290550.00034414	849575.001578718
2290425.00521815	849575.002289985
2290299.99914766	849574.999040547
2290175.00326089	849574.999666957
2290049.99494721	849575.000327975
2290050.00122258	849449.999199181
2289924.99590317	849449.997146758
2289800.00076763	849449.998968738
2289675.00525204	849450.000745997
2289549.99879292	849449.998558712
2289425.0025176	849450.000244508
2289425.00249765	849324.99981738
2289299.99717072	849324.998866906
2289175.00202773	849325.001788507
2289049.99594182	849325.000743305
2288925.00152217	849324.999574371
2288799.99467762	849324.998432198
2288674.99801692	849325.001160337
2288550.0024593	849324.999844332
2288425.00504013	849325.002472328
2288299.99816153	849324.997134943
2288174.99998433	849324.999660161
2288175.00460782	849200.002614196
2288049.99886305	849199.998506869
2287925.00182007	849200.002260705
2287799.99531803	849199.998047771
2287800.00190345	849074.998995195
2287674.99543241	849075.000056854
2287550.00062732	849075.000992083
2287549.99523705	848949.998674987
2287425.00194496	848950.000891844
2287299.99771216	848949.999133976
2287175.00366353	848950.0012412
2287174.99874988	848825.000919621
2287175.00068188	848699.99851234
2287049.99947493	848699.999319199
2286924.99789014	848700.000070222
2286924.99840468	848574.998326244
2286799.99833281	848575.000360031
2286674.99936432	848574.998346137
2286549.99853721	848575.00026617
2286424.99881365	848574.998137727
2286425.00169019	848449.999740425
2286300.00199876	848450.002885198
2286175.00341085	848450.001981091
2286174.9957853	848324.996344822
2286049.99722988	848325.000713656
2286049.99685433	848199.998328052
2285925.00129243	848199.999990306
2285800.00535353	848200.001593181
2285674.99847569	848199.999216556
2285674.99856647	848074.998850337
2285550.00376382	848075.001676483
2285550.00054017	847950.000644438
2285424.99668833	847950.000835541
2285300.00450209	847950.000895633
2285174.99989743	847950.00096369
2285174.9986167	847824.997970335
2285049.99552518	847824.999322451
2285050.0014895	847699.999585663
2284925.00139047	847699.998234411
2284799.99943592	847700.000808231
2284800.00397115	847575.001757947
2284675.00500889	847575.001628954
2284674.99566285	847449.998001
2284549.9982134	847449.999157311
2284549.9961095	847324.998788951
2284425.00017268	847325.001231083
2284424.99474799	847200.000205077
2284300.00180237	847199.999946518
2284300.00361825	847075.002180779
2284175.00162244	847074.999292353
2284175.00011565	846950.000870828
2284049.99963196	846949.999270029
2283924.9987732	846949.997604693
2283924.99582997	846824.999880992
2283799.99648335	846824.9995034
2283800.00225584	846700.00105667
2283675.00442118	846700.001967563
2283674.99630542	846574.998952647
2283549.99998274	846575.001152189
2283549.99910289	846450.00140197
2283424.99520678	846449.996989884
2283425.0015619	846325.000504782
2283299.99770011	846325.001368094
2283300.00220396	846200.000248292
2283300.00001606	846075.001108102
2283175.0010281	846075.000633942
2283174.99698673	845949.996860898
2283174.99681614	845824.998981385
2283050.00122412	845825.001156918
2283049.99919832	845699.998645548
2282925.00511702	845700.002113932
2282924.99975868	845574.998956696
2282924.99974621	845449.997707295
2282799.99849627	845449.999916274
2282799.99514978	845324.9980223
2282799.99714861	845199.998035163
2282675.0007676	845199.998915644
2282674.9994309	845074.998284713
2282550.00455961	845075.000461166
2282424.99875144	845074.998660498
2282424.99596103	844949.998749598
2282300.00222636	844950.002156067
2282299.997573	844824.997620776
2282174.99478422	844824.998413349
2282050.00218639	844825.003049328
2282049.99607663	844699.999238804
2281799.99464403	844449.998884858
2281674.99748503	844449.999520416
2281549.99995373	844450.000087803
2281425.00205019	844450.000586403
2281300.00377451	844450.001015598
2281175.00512676	844450.001374776
2281049.99554367	844449.99775274
2280924.99615214	844449.997969858
2280800.00321326	844575.000153334
2280675.00119607	844574.998856936
2280549.99880721	844574.997487051
2280424.99457268	844575.000023155
2280424.99486869	844449.998113516
2280300.00418162	844450.001876777
2280175.00256033	844450.001653641
2280175.0013934	844325.00048684
2280050.00128282	844325.001559661
2279925.00227465	844324.998577475
2279800.00142173	844324.999498327
2279675.00019777	844325.000342163
2279549.99860284	844325.001108367
2279424.99811066	844324.997817975
2279299.99577406	844324.998427285
2279300.00341656	844450.001789465
2279174.99882682	844450.000945179
2279050.00590193	844449.9999561
2278925.00057085	844449.998950622
2278924.99586117	844575.000172961
2278799.99883816	844575.001624689
2278675.00291857	844574.999017006
2278550.00515435	844575.000303594
2278424.9964587	844574.997591805
2278299.99795372	844574.998710397
2278174.99907842	844574.999744155
2278049.9998329	844575.000692463
2277925.00021723	844575.001554708
2277800.00170556	844574.998354762
2277675.00134985	844574.999043249
2277550.00062424	844574.999643824
2277424.99952883	844575.000155873
2277299.99806368	844575.000578781
2277174.99770295	844574.996937509
2277049.9954986	844574.997180504
2277049.99659948	844699.999364468
2276925.00270123	844700.002053648
2276799.99787395	844700.000733614
2276675.00323662	844700.003238716
2276549.99914492	844699.997759694
2276425.00376885	844700.000078476
2276299.99746451	844699.998384879
2276175.00135004	844700.00051466
2276050.00486643	844700.002549106
2275924.99745511	844700.000568799
2275800.00170788	844699.998438531
2275675.00411749	844700.00018332
2275549.99559996	844699.997910982
2275424.99727216	844699.999459386
2275425.00249661	844574.999463898
2275299.99512653	844574.998378971
2275174.99794634	844575.001113779
2275050.00187178	844574.999778007
2274925.0039548	844575.002312681
2274799.99543318	844449.997887918
2274674.99866452	844450.001606637
2274550.00300163	844450.001253576
2274424.99641302	844449.996878514
2274299.99854049	844450.000289827
2274175.00177399	844449.999628168
2274050.0031659	844450.002831511
2273924.99510669	844449.998040504
2273799.99723732	844449.99706471
2273674.99752662	844449.999951417
2273549.99892236	844449.998763168
2273424.99847693	844450.001435753
2273299.99913811	844450.000032587
2273174.99936849	844324.999856992
2273050.00118024	844324.999628815
2272925.00108324	844200.001435935
2272800.00061339	844074.99997717
2272675.00509358	844075.002207201
2272425.00084137	843949.998252642
2272299.99554962	843949.997624762
2272175.00044823	843950.000805885
2272049.99442412	843949.999953591
2272050.00382569	843825.001926701
2271925.00079221	843824.998393434
2271799.99592009	843824.998712199
2271675.00271119	843824.998873267
2271549.99710744	843824.998963696
2271549.99823561	843700.000634021
2271424.99562262	843699.998043839
2271300.00320024	843699.999259774
2271174.99838364	843700.000402947
2271175.00138165	843575.000335318
2271049.99955574	843574.998798646
2270924.99736458	843574.99714544
2270800.00389182	843575.003259764
2270675.00097031	843575.001371605
2270674.99716341	843449.997053417
2270549.9957604	843449.996449288
2270425.00454825	843449.999647953
2270424.99777936	843325.000128059
2270299.9975299	843325.000689432
2270299.99941444	843200.000562304
2270175.00068333	843200.002408346
2270050.0030593	843200.000172732
2269925.0035991	843200.001779037
2269800.00377449	843200.003264441
2269675.00505721	843200.000666999
2269550.00450402	843200.001908975
2269425.00358667	843200.003028205
2269300.0037769	843200.000063398
2269175.00213148	843200.000935508
2269050.00012215	843200.001683027
2268924.99922065	843199.998345317
2268924.9969202	843074.999913699
2268799.99753806	843074.997859049
2268674.99632085	843074.999638374
2268675.00455055	842950.002021813
2268674.99696211	842824.998518845
2268550.00061835	842824.999031738
2268550.00020379	842699.998895966
2268425.00537904	842700.000693342
2268299.999636	842699.99844313
2268175.00408483	842699.999987141
2268049.99761576	842699.997481981
2267925.00133851	842699.998770167
2267800.0046983	842699.999929604
2267674.99714075	842699.997037496
2267549.99977497	842699.997937417
2267550.00007019	842574.999256198
2267425.00422422	842575.001439411
2267299.99746132	842574.999569607
2267175.00089033	842575.001490392
2267050.00395691	842575.003279129
2266924.99757772	842574.997055944
2266799.99991979	842574.99857878
2266675.00189968	842574.999967724
2266550.00351748	842575.001222159
2266425.00477327	842575.002341471
2266424.99857564	842449.998683304
2266300.00135224	842450.001084531
2266175.00376703	842450.003349793
2266174.99606342	842325.000570291
2266050.00146918	842325.000162581
2266050.00092957	842200.000767611
2265924.99730209	842199.997720296
2265800.00239697	842200.002413372
2265800.00181856	842074.999946636
2265674.99935018	842074.998045818
2265549.99505099	842074.999961346
2265425.00241391	842075.001706906
2265299.99886235	842074.999390843
2265175.00550316	842075.000858284
2265050.00122988	842074.998262516
2264924.99512623	842074.999478926
2264925.00363696	842199.99983919
2264799.99529039	842199.999490263
2264674.99860581	842199.998970177
2264550.00009065	842200.002259733
2264425.00268483	842200.001453327
2264300.00491852	842200.000502947
2264299.99580075	842324.99969555
2264174.99579143	842324.997175469
2264050.00450352	842325.002387071
2263925.00377347	842324.999575146
2263800.00121312	842325.000567476
2263799.99675834	842199.999225946
2263674.99719094	842199.997545861
2263549.99579365	842199.999668754
2263550.00184724	842074.999205572
2263425.00197291	842075.002607421
2263300.00320849	842075.001910126
2263175.00408436	842075.001063713
2263050.00235296	841949.999442338
2262925.00439231	841949.999725075
2262800.00460277	841950.003806569
2262800.00230803	841825.000143168
2262674.99495966	841824.997628685
2262549.99780359	841824.998888258
2262424.99835757	841699.998678507
2262300.00236562	841700.001065162
2262174.99546355	841699.99937311
2262175.00256433	841575.002899462
2262049.9986543	841574.998538956
2261925.00346806	841575.001898303
2261924.99996507	841449.998471971
2261799.99575093	841449.999185546
2261675.00319815	841449.99972236
2261674.99817232	841324.997220052
2261549.99512312	841324.999058961
2261549.99724317	841199.999972546
2261424.99718533	841199.999144888
2261299.99676945	841199.998161696
2261299.99736415	841075.000003443
2261174.99847128	841075.000301167
2261049.99922057	841075.000442519
2261049.99975642	840949.999268779
2260925.00202875	840950.000691383
2260800.00394342	840950.001956775
2260800.00295106	840825.00171689
2260674.99583765	840825.000339307
2260550.00038555	840824.998782434
2260549.99786337	840699.999479551
2260425.00393415	840699.9992046
2260299.99762937	840699.998791802
2260175.0015185	840700.002143676
2260175.00081267	840575.001276788
2260049.99714116	840574.998041532
2259925.00219666	840575.002514696
2259925.00142484	840449.998647148
2259799.99745267	840450.000478212
2259675.00283528	840324.999207238
2259550.00002975	840325.002159365
2259550.00485919	840200.002666821
2259424.99449227	840199.99903471
2259424.9959054	840074.999047861
2259299.99761239	840075.000622611
2259299.99560852	839950.000142045
2259175.00030428	839949.999057644
2259050.00317798	839950.001753843
2259050.00110055	839824.998284694
2258924.99494599	839824.998342396
2258800.0004525	839824.998216794
2258799.99536837	839699.999647783
2258675.00239749	839700.000806703
2258674.99535852	839574.997806293
2258550.00391017	839575.000250296
2258425.00155526	839574.998607849
2258300.00269142	839450.000134464
2258175.00150383	839449.999612272
2258175.00192755	839325.00246035
2258050.00372738	839324.999282775
2258050.00072739	839200.001645913
2257925.00404943	839199.999754775
2257924.99908935	839074.997693255
2257800.00246907	839075.001029719
2257674.99494298	839075.000278253
2257675.0004496	838949.999168668
2257549.99444582	838949.999704439
2257425.00010297	838950.000053677
2257425.00405908	838824.999917964
2257299.9992232	838825.001573712
2257174.99549719	838824.999121334
2257174.9979014	838699.999962642
2257049.99569755	838699.998798171
2256925.00369071	838700.001385545
2256925.00454177	838575.003205984
2256800.00350604	838575.003160699
2256675.00211655	838575.002945557
2256675.00287645	838450.001809637
2256550.00300917	838450.002882854
2256550.00033719	838325.001272883
2256425.0034552	838324.999696597
2256300.00475659	838325.001887811
2256300.00052716	838200.001264861
2256175.00481366	838200.000807126
2256050.00295858	838075.000544764
2255924.99786279	838074.997285386
2255924.99919044	837950.001102176
2255799.99561646	837949.999132853
2255799.99497056	837824.998543696
2255675.00346946	837825.001783994
2255674.99938662	837700.00072681
2255549.99885594	837700.001339235
2255550.00334834	837574.999797116
2255425.00433914	837575.001701238
2255299.99442634	837574.999513434
2255174.99617433	837574.997133896
2255174.99951335	837450.001993689
2255050.00278273	837450.000905955
2254925.00423834	837450.003579366
2254799.99625259	837449.998223223
2254674.99700427	837450.000545075
2254675.00544677	837325.001472104
2254549.99863083	837324.997231965
2254550.00216964	837200.001633774
2254424.99687529	837199.99868583
2254424.99843215	837074.99869366
2254300.00521035	837075.00095632
2254300.00332316	836950.00050569
2254299.99611833	836824.998127633
2254174.9957394	836824.999236314
2254174.99564028	836700.000318431
2254049.99824274	836699.998787236
2254049.99469705	836574.999413304
2253925.00383864	836449.999330141
2253799.999041	836325.00010638
2253674.99565385	836324.998545878
2253675.00432603	836200.001707234
2253550.00245922	836200.001443461
2253425.00024195	836200.001001487
2253424.99824228	836074.997337597
2253299.99754549	836074.998192509
2253174.99649842	836074.998868382
2253049.99510117	836074.9993646
2252925.00390509	836075.003596198
2252800.00326684	836074.999799564
2252675.00081943	836074.999753527
2252549.99802217	836074.999525376
2252550.00525405	835950.00034311
2252425.00397784	835950.001411053
2252300.00235199	835950.002296042
2252299.99744914	835825.000232541
2252174.99880326	835824.998482775
2252049.99834914	835825.00048022
2252050.00387073	835699.999439063
2251925.00493771	835700.002733052
2251924.9964514	835574.997335346
2251800.00049787	835574.997995911
2251799.99764655	835450.000003398
2251675.00321375	835450.00196141
2251674.99836208	835324.999599422
2251549.99489876	835324.998940953
2251549.99713872	835200.000055215
2251424.9966536	835199.99676596
2251424.99543301	835074.997442751
2251424.999434	834950.000111615
2251300.00233759	834949.999606672
2251300.00287676	834825.001838851
2251299.99954197	834699.998220604
2251175.0058335	834700.000502024
2251174.99757832	834575.000377998
2251049.9948376	834575.000048805
2251049.99512643	834449.999474102
2250924.99536151	834449.996518673
2250925.00273677	834324.999422237
2250800.00303469	834325.001698519
2250799.99639179	834200.000258507
2250674.99966493	834199.999909673
2250675.00010689	834075.001949459
2250550.00489888	834075.002904632
2250550.00332841	833950.000585981
2250424.999087	833949.998935357
2250425.00459947	833825.000097909
2250300.00187668	833824.999752538
2250300.00391913	833700.000486694
2250300.00062519	833574.999301246
2250175.00128646	833575.001753785
2250174.99452099	833450.00014159
2250049.99992426	833324.997916938
2250049.99490088	833199.997868197
2249925.00191755	833200.000501647
2249925.00542727	833075.000008626
2249925.00214418	832950.001523125
2249799.99668455	832825.000217288
2249799.99659296	832699.999369211
2249674.99770337	832574.99850825
2249674.99934727	832449.99922424
2249549.99685237	832449.998537216
2249549.99501757	832324.998831966
2249425.00459264	832325.00336258
2249425.00073093	832199.999310691
2249300.00126853	832200.001249637
2249175.00291279	832199.999076794
2249050.0027589	832200.000642867
2248925.00225938	832200.00202147
2248925.00050261	832075.002051215
2248800.00297184	832075.000817764
2248675.0036434	832075.003321119
2248550.00542187	832075.001711092
2248550.00535817	831950.000403755
2248424.99664772	831950.000126476
2248425.00365343	831825.002310489
2248299.99791128	831824.999422821
2248300.00143207	831700.001194068
2248174.99720612	831699.999620813
2248174.99724116	831575.000980402
2248049.99598269	831574.996798316
2247925.00348167	831575.000253705
2247925.0018907	831450.002707682
2247800.00180344	831449.999650941
2247674.99992061	831450.000326369
2247674.9981532	831324.999954954
2247549.99923747	831324.998022874
2247424.99852659	831324.999821686
2247424.99658087	831199.996628386
2247299.99738619	831199.999742738
2247300.00250348	831075.000047189
2247174.99572181	831074.996652532
2247174.99589722	830950.000474723
2247050.00118488	830950.00229952
2247049.99931852	830825.001795922
2246924.99701824	830824.997113952
2246925.00221218	830700.000110056
2246799.99997733	830700.000667795
2246800.003127	830574.999340637
2246799.99947348	830450.000022049
2246800.0024696	830324.998769999
2246674.99491289	830324.999770323
2246675.00496688	830200.002018557
2246674.99911172	830074.998453586
2246549.99637626	830074.998367296
2246549.99757749	829949.998303396
2246424.99635634	829949.999538876
2246425.00461343	829825.002975946
2246299.99580017	829824.997714143
2246300.00055748	829700.000754084
2246174.99451477	829574.999459438
2246175.00241667	829450.000168536
2246049.99848687	829449.999071195
2245925.00476957	829450.001678526
2245925.00047004	829324.999612819
2245799.99771151	829324.999646797
2245800.00046336	829200.001085762
2245675.00066549	829199.998525296
2245549.99907844	829199.999690086
2245550.00018116	829075.002256567
2245425.00155458	829075.000827467
2245425.00059863	828949.999084391
2245300.00203842	828950.002900188
2245299.99757593	828825.00076789
2245175.00456068	828700.003366668
2245175.00178334	828575.002831924
2245050.00044102	828574.999090599
2245050.00470985	828450.002064128
2244925.00487988	828449.999651464
2244924.99508334	828324.9983437
2244799.99676574	828324.997259861
2244800.00456939	828200.00335629
2244674.9972084	828199.999707409
2244675.00294583	828075.001501456
2244549.99709688	828074.999182825
2244549.99932153	827950.000593516
2244424.99498454	827949.999605477
2244300.0008626	827950.002314994
2244174.99728973	827949.997016695
2244050.00248682	827949.99933212
2243924.99678833	827949.997554969
2243799.99562879	828075.000625097
2243674.9979521	828075.000815596
2243549.99993524	828075.000805873
2243549.99876226	827949.998817542
2243425.00225839	827950.000136519
2243300.00541455	827950.001254432
2243300.00257815	827825.000420149
2243174.9966926	827824.998971744
2243175.0008936	827700.001658214
2243175.00116865	827574.998524048
2243175.00518356	827450.001293336
2243175.00382756	827325.002156753
2243300.00086094	827325.001393318
2243424.99755473	827325.000430231
2243424.99768069	827200.000216168
2243549.99564379	827074.997761401
2243550.00428924	826949.999983961
2243425.00293136	826950.001851021
2243424.99749951	826824.999807978
2243299.99909557	826824.999094806
2243300.00069791	826700.000568988
2243299.99692788	826575.000136176
2243175.00188392	826575.002293233
2243174.99603282	826449.997573101
2243175.00447929	826325.002639685
2243050.0036799	826324.9998653
2242925.00109949	826325.000807953
2242924.99875479	826199.999235802
2242799.99912633	826199.997602206
2242674.99771725	826199.999684369
2242549.99741163	826199.997653048
2242424.99532557	826199.999335819
2242424.99644137	826074.998094231
2242299.99730728	826074.997201508
2242174.99639316	826075.000021603
2242174.99582887	825949.999953365
2242175.00044383	825825.001869073
2242050.00432937	825825.003654325
2242049.99629873	825699.997404421
2241925.00169402	825700.000529411
2241924.99924791	825575.001717455
2241799.9970369	825574.998382125
2241675.00360402	825575.002645773
2241675.00091391	825450.001101254
2241549.99987458	825449.998905521
2241550.0042079	825325.000887984
2241424.99492007	825199.997769802
2241425.00089512	825075.00137607
2241300.00472042	825075.003408094
2241299.99804273	824949.998857803
2241175.00337692	824950.002232793
2241049.99925681	824949.997607816
2240925.003917	824950.000577293
2240800.00356308	824825.003075023
2240800.0054984	824700.000880391
2240675.00261939	824700.002650702
2240675.00101543	824575.000102522
2240675.00458366	824449.999537688
2240549.99594005	824449.996405823
2240549.99452862	824324.999399249
2240549.99972782	824200.000464518
2240424.99587503	824199.996318361
2240424.99753181	824074.99703218
2240300.00241993	823950.00238989
2240299.99658429	823824.996941831
2240300.00503905	823700.001267169
2240174.99732949	823699.999038014
2240175.00223914	823575.003013999
2240175.00319772	823450.00117837
2240174.99876714	823324.997441336
2240049.99624894	823324.999669515
2240049.99882931	823199.999465768
2239924.99828611	823074.998585633
2239925.00248628	822950.000013549
2239799.99569963	822949.998712231
2239799.99634984	822824.999794765
2239800.00216786	822700.002854646
2239675.0001633	822700.000554966
2239675.00386555	822574.999361282
2239550.0019305	822575.002325664
2239425.00109637	822575.001178328
2239425.00308597	822450.001199775
2239300.00375705	822450.001407864
2239300.0021929	822325.001087727
2239175.00436911	822325.002651582
2239175.00068539	822199.998082876
2239050.00436665	822200.001003055
2239049.99569226	822075.000003088
2238925.00231329	822075.000372057
2238799.99660608	822075.000567357
2238799.99820811	821950.000760037
2238800.00497336	821825.002929714
2238675.004044	821825.00213764
2238674.99669132	821700.00009441
2238549.99726641	821700.000660812
2238549.99834796	821574.998251078
2238550.0031575	821450.001724536
2238424.99794844	821449.997432382
2238424.99919719	821325.000571246
2238424.99648067	821199.997904354
2238300.00517224	821200.000412909
2238299.99889317	821074.997412773
2238174.99852806	821074.997408997
2238174.99924569	820949.997950706
2238050.00038386	820949.999309265
2238049.99753731	820824.999519609
2237925.00017867	820825.002240843
2237800.00077637	820699.998393791
2237800.00135901	820575.001817154
2237799.9979716	820449.999436849
2237799.99974213	820324.9990303
2237799.99610967	820199.996725466
2237799.99620365	820075.000298721
2237800.00288698	819950.001937464
2237800.00416664	819825.001676923
2237675.00256209	819825.000995295
2237675.00027086	819700.000407782
2237550.00016738	819700.001095401
2237424.99973183	819700.001579707
2237300.00039494	819699.99795526
2237299.99819791	819575.000188082
2237175.000362	819574.997933208
2237050.00076387	819574.99937839
2237049.99825682	819449.998957462
2236925.00015992	819450.001772115
2236924.99550845	819324.997125308
2236925.00514239	819200.00222223
2236800.00124716	819200.000210862
2236799.99817308	819074.997215031
2236674.99825955	818950.001031408
2236674.9967609	818824.999686858
2236549.9991272	818824.998093736
2236550.00461186	818700.000297218
2236424.99648709	818700.000114673
2236300.0000224	818699.999689703
2236300.0037584	818575.003154999
2236174.9982316	818575.000237594
2236049.9957885	818449.997941405
2236050.00435272	818325.000738957
2236049.99694222	818199.997775382
2235924.99624485	818199.999189493
2235924.99581344	818074.999777652
2235925.00053124	817950.002334562
2235800.00459021	817950.002805382
2235674.99775657	817949.999205923
2235675.00214595	817824.999131889
2235549.99681124	817824.996910156
2235549.99618723	817700.000427395
2235425.00434112	817699.999545664
2235425.00155737	817574.998851224
2235425.0039204	817450.000125278
2235300.00341137	817450.002246269
2235300.00361258	817324.999310393
2235299.99697016	817199.998381556
2235175.00121358	817199.999567959
2235175.00154437	817075.002193617
2235049.99672248	817075.000899432
2235049.99488831	816949.999318025
2235049.99819888	816824.999703289
2234924.99812699	816824.997479401
2234924.99784485	816699.997559504
2234925.00270693	816574.999605266
2234799.99539447	816574.996494944
2234799.99666242	816449.998236856
2234800.00307408	816325.001943418
2234674.9990837	816325.001809229
2234675.00332452	816200.001312486
2234675.00214385	816074.998921448
2234675.00468157	815950.002394133
2234675.00322156	815825.000071965
2234674.99491538	815699.999755799
2234675.00374006	815575.001357173
2234674.99657689	815449.997207635
2234675.00369783	815325.002773704
2234549.99568785	815324.999668579
2234550.00063097	815200.001034058
2234550.00015016	815075.000504159
2234424.99545657	815075.00038726
2234425.0033612	814949.99951242
2234300.00016162	814950.000788906
2234300.00446268	814824.99961584
2234300.00191603	814700.000447397
2234175.00345366	814700.000815875
2234174.99872385	814574.99745128
2234174.99771182	814449.999943804
2234050.00398503	814449.999406764
2234049.99936667	814325.001603293
2233924.99656664	814324.998611003
2233925.00032827	814200.000465347
2233924.99866195	814075.000424999
2233799.99917423	814075.000430793
2233800.00588604	813950.000048607
2233799.99518158	813824.997820609
2233674.99900542	813825.000826539
2233674.99667741	813699.998257708
2233674.9994861	813574.997643786
2233674.99544469	813449.999033765
2233549.99525036	813449.998898134
2233549.99958311	813324.999947082
2233425.00088005	813325.001213394
2233425.00159921	813200.001972101
2233299.99523946	813199.996895078
2233174.99770144	813199.999360887
2233175.00391445	813324.999239975
2233050.00423257	813324.999896858
2232925.00422458	813325.000349292
2232925.00306627	813199.999784375
2232800.00455	813200.00163823
2232674.99514116	813199.999438134
2232549.99739255	813199.996984082
2232424.99789889	813199.998220263
2232425.0009333	813325.000102248
2232299.99929608	813324.999523214
2232174.99733326	813324.998736038
2232049.99746433	813200.000683528
2231924.99688923	813074.999854762
2231799.99900502	813074.997763916
2231799.99560641	812949.996251854
2231674.99779551	812949.999457228
2231675.00134335	812825.001515428
2231549.99587706	812824.998378633
2231549.99580401	812700.000159364
2231425.002396	812700.002273141
2231425.0001196	812574.99988242
2231299.99763705	812574.999550854
2231300.00230422	812450.000732564
2231175.00131336	812450.001804323
2231050.00141601	812449.998771289
2231050.00427548	812325.001292762
2230925.00445186	812325.003557304
2230925.00510428	812200.001911981
2230925.00031508	812074.998379004
2230924.99923364	811950.00069831
2230799.9953831	811949.999859252
2230800.00265871	811825.001859367
2230675.00171589	811824.998533487
2230675.00536335	811700.00026283
2230550.00449437	811700.002237214
2230550.00451307	811575.003696899
2230424.99598413	811574.999340583
2230425.00435634	811450.0004839
2230424.99530056	811324.999788214
2230425.00335091	811200.00100007
2230424.99538839	811074.996480839
2230549.99524816	811074.998250294
2230549.99974783	810950.001801217
2230550.00021765	810824.999570402
2230550.00439506	810700.003185432
2230550.00454163	810575.001018408
2230549.99782723	810450.000855787
2230424.9978733	810449.999459085
2230424.99950654	810324.998977303
2230424.99569255	810199.996606742
2230299.99903715	810199.998248555
2230300.00215509	810074.999451785
2230174.99641818	810074.998671005
2230174.99589816	809949.999609952
2230050.0036314	809950.000192608
2230049.99947255	809825.00086786
2229924.99812376	809824.999029743
2229799.99645257	809824.996983532
2229800.00244577	809699.99896912
2229675.00084846	809700.002232654
2229675.00461381	809575.0000657
2229549.9953475	809574.997018495
2229424.99632839	809574.997599741
2229424.99684751	809450.000693001
2229300.00072818	809449.99880207
2229175.00287419	809450.000592214
2229050.00469838	809450.002171736
2229049.99603553	809325.000537358
2228925.00075951	809324.999645287
2228924.99902087	809200.001593132
2228800.00523172	809200.002120631
2228800.0012596	809074.999923855
2228674.99838807	809074.998034563
2228675.00133827	808949.999421411
2228549.99995337	808949.998952941
2228549.99925596	808825.00008726
2228424.99935763	808825.001039954
2228424.99642323	808699.998033525
2228425.00448144	808450.001761474
2228424.9957454	808324.996935879
2228300.00416523	808325.000324779
2228175.00169439	808324.99966831
2228049.99890301	808324.998799959
2227924.99579115	808324.997719112
2227800.0029284	808325.000260141
2227799.99917646	808199.997842093
2227674.99723011	808199.997972179
2227549.99496356	808199.99788831
2227425.00294626	808200.001424863
2227300.00003948	808200.000911414
2227299.99946266	808074.999275961
2227174.9980421	808075.00018626
2227049.99771207	808074.996993596
2227049.9952854	807949.996756134
2226924.99503126	807949.998874487
2226799.99586762	807949.99688947
2226800.0021593	807825.001886936
2226675.00448163	807825.001326511
2226549.99591532	807824.996714161
2226550.00176426	807699.999228671
2226425.00525322	807699.999875717
2226424.99687368	807574.998318728
2226300.00184866	807575.000390863
2226174.99767916	807449.998210303
2226050.00382102	807450.001489513
2226050.00190356	807325.001054579
2225925.00037099	807324.99804134
2225799.99711071	807324.998693522
2225800.00390458	807200.003504822
2225675.00353895	807200.001698877
2225550.00285484	807199.999672756
2225425.00044352	807200.001309941
2225424.99943023	807074.997582831
2225299.99850496	807075.000646573
2225300.0043956	806950.0005235
2225174.99579535	806949.997297756
2225050.00147427	806824.998981596
2224925.00461097	806825.000794335
2224925.00497163	806700.001866305
2224799.99902464	806700.001274641
2224675.00473721	806700.000409449
2224549.99815501	806699.999370995
2224549.99986145	806574.999638678
2224424.99476503	806575.000028472
2224300.00132808	806575.000143938
2224300.00116762	806450.001841787
2224174.99864709	806449.999553678
2224049.99580943	806449.997040422
2223925.00181612	806450.002015435
2223925.00299755	806325.002919291
2223800.00132845	806325.001609134
2223674.99934249	806325.000072371
2223549.99703976	806324.998308385
2223549.99956054	806199.998425033
2223549.99660461	806074.996668655
2223424.99759006	806074.997990707
2223425.00152833	805949.999850024
2223300.00399927	805950.002602175
2223174.99905552	805825.000717727
2223050.00410205	805825.000792272
2222924.99685689	805825.000686922
2222800.00466763	805700.00283329
2222674.99999827	805700.000049814
2222675.00112219	805574.998489443
2222674.99535945	805449.9989374
2222550.00454566	805450.003077251
2222549.99650853	805324.999436749
2222550.00412852	805200.001584615
2222424.99686683	805199.997281416
2222425.00080489	805074.999221088
2222424.99926055	804949.999289518
2222299.99528296	804949.998084762
2222300.00062508	804825.001774643
2222425.00280335	804825.001314875
2222425.0008632	804700.001468675
2222425.00401	804575.003578028
2222425.00307732	804449.999936646
2222424.99525645	804324.998302631
2222425.0030929	804200.00244778
2222424.99627753	804074.99701658
2222425.00371605	803950.001240972
2222424.99509846	803824.999768625
2222425.00354124	803700.000191707
2222549.99674605	803574.996856028
2222550.00159094	803449.999565609
2222550.0009502	803325.000401195
2222674.99786415	803324.998779126
2222675.00051474	803199.999893439
2222674.99767935	803074.999133265
2222674.99993038	802950.000318461
2222674.99669487	802824.999628855
2222674.99854557	802700.000883243
2222799.99534456	802699.998394461
2222800.00048828	802574.999921681
2222800.00014499	802449.999572918
2222800.0048881	802325.001165199
2222925.00516702	802325.001143848
2222925.00263039	802199.99918903
2222925.00378037	802075.003053259
2222925.00084254	801950.001160959
2223050.00460628	801950.003604828
2223050.00496377	801825.00197863
2223174.99604745	801824.998721382
2223174.99830155	801700.001240447
2223299.99785503	801699.999911516
2223300.00340628	801575.002693818
2223300.00486868	801449.999716706
2223299.99944396	801324.998741337
2223425.00036328	801199.999161761
2223425.00332429	801075.000378198
2223425.00079674	800949.999714804
2223425.00335666	800825.000981351
2223425.00536383	800701.944200904
2223425.00042745	800700.00036775
2223425.00258551	800575.001682713
2223300.00248879	800574.999016819
2223300.00094428	800450.00012586
2223300.00448653	800325.003162443
2223174.997073	800324.999829578
2223174.9983079	800199.998781388
2223175.00462862	800074.999659718
2223175.00406153	799950.002537483
2223299.99553884	799949.997035169
2223299.99827195	799825.000161721
2223299.99690926	799699.997526651
2223299.99923676	799575.000695381
2223299.99746745	799449.998102174
2223299.99938856	799325.001311388
2223174.99847151	799324.99983132
2223174.9980787	799199.99895717
2223049.99863243	799199.998950263
2222924.99887313	799199.998737012
2222924.99655399	799074.999340855
2222799.9982655	799075.000600879
2222674.99966418	799075.001653715
2222550.00214476	799074.998619668
2222550.00107591	798949.998506263
2222425.00363277	798950.000824896
2222424.99885125	798825.000513806
2222300.00427318	798825.000427515
2222174.99741017	798825.000208547
2222175.00267044	798700.001308072
2222049.99867224	798699.998685304
2221925.00494023	798699.999655393
2221924.99768975	798574.998442238
2221800.00542843	798575.000886934
2221799.99446179	798449.999480814
2221800.00054633	798324.999921971
2221675.00095937	798325.001726187
2221675.00332616	798200.00197503
2221549.99602387	798199.997577623
2221550.0052505	798075.00143617
2221424.99941805	798074.998516503
2221300.00385287	798074.999186866
2221300.00056243	797950.00074304
2221174.9958885	797949.999090541
2221050.00148199	797950.001027052
2220925.0047079	797825.003622274
2220800.00227408	797824.999148211
2220799.99649513	797699.999833345
2220674.99553112	797699.996837843
2220674.99799954	797574.997262394
2220549.99711313	797574.99962178
2220549.99585728	797449.999862537
2220424.99783245	797449.999825754
2220425.00482185	797324.999807227
2220299.99768754	797324.997451882
2220175.00586439	797200.000175802
2220050.00120431	797075.000401456
2219924.99669842	797075.000794153
2219924.99567622	796949.998054746
2219800.00460952	796949.999852781
2219674.99829019	796825.000291883
2219549.99780363	796824.999559272
2219550.0016792	796700.001960322
2219425.00266156	796700.00271035
2219425.00419603	796575.001062165
2219424.99882955	796450.001414216
2219300.00444906	796450.00147294
2219299.99673936	796324.997777653
2219175.00382725	796324.999320922
2219175.00296272	796199.999248784
2219050.00093939	796199.998481201
2219049.99633978	796074.998237242
2218924.99578461	796074.998955243
2218799.99492048	796074.999457061
2218800.00033074	795950.000667177
2218675.00232389	795949.998782771
2218550.00261908	795950.000553874
2218549.99548926	795824.99950275
2218424.99864164	795824.998888001
2218424.99835285	795700.001464448
2218300.00297304	795700.002336684
2218174.99670535	795699.999196239
2218174.99584201	795574.999439898
2218049.99840607	795449.997789092
2218049.99886447	795324.999791225
2217924.99869605	795324.997462552
2217924.99541226	795199.999301055
2217799.99671107	795199.998461743
2217800.00165189	795075.000059836
2217675.00441775	795075.000710621
2217549.99629608	795074.997349451
2217424.9984466	795074.997562017
2217299.99890186	795075.001424555
2217175.00043728	795075.001196394
2217050.00166526	795075.000747054
2216925.00258591	795075.000075918
2216924.99604751	794949.996447527
2216799.99843595	794949.997265551
2216674.99912979	794950.001729764
2216675.00258582	794824.999582792
2216549.99555554	794824.997874037
2216424.99879768	794824.999735214
2216300.00173294	794825.001372294
2216175.00020055	794699.997964031
2216050.00429706	794700.000865765
2216049.9949989	794574.999762528
2215925.0019502	794575.000286236
2215799.99662916	794575.000658308
2215799.99731991	794450.001047533
2215674.99485338	794449.999042705
2215550.00265973	794450.000604738
2215550.00137195	794325.002563047
2215425.00006695	794325.001822581
2215299.99845602	794325.000854726
2215299.99657451	794200.000518872
2215174.99781749	794199.997175872
2215049.99736859	794199.997471066
2214924.99661402	794199.99753741
2214799.99555388	794199.997374291
2214675.00476687	794200.000774669
2214550.00309572	794200.000150947
2214425.00111925	794199.999295911
2214424.99831699	794074.9976157
2214299.99780893	794074.998250965
2214174.99699574	794074.998654073
2214175.00278761	793950.00235146
2214050.00482846	793950.000380914
2213925.00517866	793950.002041832
2213924.99979182	793824.999668463
2213800.00299598	793824.998956318
2213675.00450988	793825.001874358
2213550.00150331	793700.001636628
2213424.9949881	793699.998154689
2213424.99758845	793574.998894256
2213300.00311985	793575.000697163
2213174.99776859	793574.998471938
2213050.00269139	793574.999803862
2212924.99673191	793574.997106067
2212925.00227161	793449.99903521
2212799.99778059	793449.997829281
2212675.00356378	793450.000179038
2212549.99846509	793449.99849762
2212425.00364056	793450.000371012
2212299.99793453	793449.998211641
2212175.00250263	793449.999606203
2212049.99940563	793325.001495327
2211924.99677925	793199.997031378
2211800.00398203	793200.001167519
2211800.00104662	793075.001590941
2211675.00052475	793074.999565557
2211549.9983157	793075.001158589
2211549.99476658	792949.999335743
2211424.99541047	792949.998561226
2211300.00078072	792825.001130747
2211175.00259047	792825.001606764
2211175.00523143	792700.001216183
2211049.99793204	792699.999393291
2211049.99679983	792574.998886889
2210925.00154685	792575.002349875
2210924.99802388	792449.997869449
2210800.00423937	792450.002826738
2210674.9954301	792324.997034762
2210675.00551208	792199.999909635
2210550.00546878	792200.000207927
2210550.0011959	792074.999179566
2210424.99456998	791949.999834748
2210425.00351035	791825.000565694
2210299.99897582	791824.997950879
2210300.00275492	791700.002429311
2210174.99968762	791700.001312835
2210175.00106841	791575.001824475
2210050.00084984	791574.998349636
2210049.99844929	791449.99875331
2209924.99831624	791450.000635195
2209925.00409365	791325.00086301
2209799.99622996	791324.996599839
2209799.99684311	791200.000578631
2209675.00102483	791200.001604023
2209550.00490555	791200.002384525
2209549.99568523	791074.996503331
2209425.00103271	791074.998784743
2209424.99722515	790950.000444398
2209300.00541967	790950.000371062
2209299.99920634	790824.998072319
2209174.99690802	790824.999569977
2209049.99568954	790824.996965569
2209049.99803456	790700.000101691
2208924.99828232	790699.99899996
2208799.99993288	790574.998582526
2208674.99926008	790449.999570251
2208550.00214008	790450.001227927
2208549.99764239	790324.998109956
2208425.0019885	790325.001271542
2208299.99545594	790325.000398824
2208300.00089043	790199.998869817
2208174.99582393	790199.999501697
2208050.00241598	790199.999816228
2208050.0058228	790074.99994725
2207925.00192287	790075.001834791
2207925.00153563	789950.001873684
2207924.99558843	789825.000066052
2207799.99767661	789824.997507495
2207799.9985128	789699.999393503
2207675.00068792	789700.002195077
2207550.0039423	789700.000893829
2207550.00412445	789575.000593565
2207424.99688682	789575.000868262
2207425.00522828	789450.000411098
2207300.00083384	789449.998341156
2207174.994763	789449.999872551
2207175.00106913	789325.001087588
2207049.99784129	789325.000274893
2206925.00489425	789325.002994163
2206800.0010697	789325.001677521
2206799.99790092	789199.998692782
2206674.99554174	789199.998884443
2206550.00346349	789200.002606606
2206549.9982563	789075.001300947
2206424.99844153	789074.998897049
2206425.0000104	788950.001293667
2206300.00166064	788950.00039914
2206175.00301309	788949.999250765
2206175.00391769	788824.999480128
2206049.99477928	788824.999908919
2205924.99729926	788825.000015159
2205924.99753782	788699.998081329
2205800.00152286	788699.999697603
2205799.99795481	788574.997687288
2205675.00340484	788575.000813936
2205674.99602935	788449.998728264
2205675.00424264	788325.002364118
2205550.00371588	788325.001137698
2205549.99754077	788200.000917779
2205424.99847838	788200.001203778
2205425.00044855	788075.000842256
2205300.00285036	788075.002641411
2205300.00100967	787950.002207435
2205174.99567118	787949.997891023
2205049.99924052	787950.000947514
2205049.99672352	787824.998364252
2204925.00313203	787824.999086251
2204924.99542691	787700.000281899
2204800.00329928	787700.002518286
2204800.0051095	787574.999728462
2204675.00386577	787574.999700782
2204675.00048632	787450.000691545
2204675.00348589	787324.999773131
2204549.99488522	787324.999256224
2204550.0046483	787200.00204982
2204549.99825493	787074.99922514
2204425.00483036	787075.001930636
2204300.00052974	787075.000601678
2204300.00403053	786949.999417704
2204175.00119276	786949.999607392
2204175.000874	786824.998360157
2204049.999499	786825.000068831
2204049.99535987	786699.998759463
2203924.99944067	786575.0005467
2203924.99785397	786449.997266825
2203800.00253443	786449.999947091
2203799.99575228	786325.000453578
2203675.0032672	786325.000808897
2203675.00461449	786200.001185086
2203675.00038061	786074.999722592
2203550.00053275	786074.999605759
2203550.00305456	785950.001859757
2203550.00136598	785824.998429017
2203424.99921967	785699.998130281
2203424.99733104	785575.000423436
2203425.00181193	785450.000804379
2203425.00070918	785324.999346059
2203300.00159397	785325.001790806
2203299.99666148	785200.000277512
2203299.99672645	785075.00069652
2203300.00315895	784949.999201117
2203300.00263631	784824.999711489
2203299.99652827	784699.998382532
2203299.9954173	784574.998983105
2203299.99930348	784450.001511975
2203299.99897252	784324.998355026
2203300.00226939	784200.000970472
2203299.99997967	784075.001745269
2203300.00405496	783950.000600106
2203424.99958087	783950.001429845
2203424.99631814	783824.996655482
2203424.996684	783699.997650599
2203549.99899994	783699.998418271
2203550.00261306	783574.999547051
2203550.00063878	783449.998833503
2203674.99779461	783449.999620598
2203674.99906839	783324.999038822
2203675.00533956	783200.000376258
2203799.9973372	783200.001184352
2203799.99627226	783074.998889097
2203924.99818022	783074.997577083
2203924.99899829	782949.999256187
2204050.00156711	782825.00156177
2204050.00004849	782700.00152226
2204174.99476008	782699.998199795
2204299.99838454	782575.000536038
2204425.00134848	782574.998698044
2204425.00322171	782450.000963299
2204550.00277992	782450.000942316
2204549.99731995	782324.999571693
2204675.00321998	782200.00002825
2204799.99733387	782199.999798221
2204799.99838323	782074.998667204
2204925.00104586	782075.000166111
2204925.00398634	781950.003000615
2205050.00021979	781825.001669586
2205050.00219476	781699.998922046
2205049.99721809	781574.998173519
2204925.00319075	781575.000221376
2204924.99437015	781449.999413703
2204925.0025027	781325.000413527
2204925.00368342	781200.003411318
2204925.00063899	781075.000710814
2204925.00259463	780949.999911305
2204924.9975981	780825.001109828
2204924.99896446	780700.000359635
2204925.00533078	780575.001507813
2204924.99551699	780449.997056257
2204924.99993093	780325.002098978
2204925.00011642	780200.001441764
2204924.99471087	780074.99893332
2204925.00489537	779950.002066593
2204924.99889768	779824.999601498
2204924.99789906	779699.999030444
2205050.00272011	779700.000473957
2205050.00498233	779574.999999057
2205050.00029209	779450.001519959
2205050.00196171	779325.001083385
2205049.99803871	779199.998793759
2205049.99911475	779074.998393803
2205050.0051899	778949.999882284
2205050.00431247	778825.00336524
2205049.99920084	778700.001145978
2205174.997704	778699.999422281
2205174.99585523	778574.997290955
2205174.9976468	778450.000893683
2205174.99520305	778324.998792782
2205174.99775809	778199.998575787
2205175.005312	778075.000241462
2205174.99531948	777950.000162688
2205300.00159165	777950.002592018
2205299.9962219	777824.998745598
2205299.99585083	777699.996779942
2205299.99912139	777575.000542792
2205299.99815351	777449.998599972
2205300.0008275	777325.002384265
2205299.99926205	777200.000462572
2205300.00269496	777075.000417624
2205425.00442864	777075.001445671
2205424.99917742	776950.001589228
2205425.00028089	776824.999758589
2205424.9944315	776699.99991932
2205424.99493615	776574.998104462
2205549.99869553	776574.999282536
2205550.00111359	776450.001384697
2205549.99928929	776324.997778433
2205674.99794291	776324.998982676
2205674.99803325	776199.999291752
2205675.00312277	776075.001469857
2205799.99802704	776074.998852221
2205799.99579026	775949.99736528
2205799.99855275	775824.997745617
2205924.99895193	775824.99888438
2205925.00363235	775700.003175128
2206050.00201249	775700.002298754
2206050.00072159	775574.999072364
2206174.99572918	775575.000032352
2206174.99635775	775450.000714945
2206300.00129854	775449.999536735
2206300.00520105	775325.00027593
2206300.00350585	775199.999151988
2206425.00199628	775200.001857387
2206550.00004929	775075.001482938
2206550.00490466	774950.000466846
2206674.99936098	774949.999152064
2206800.00412496	774950.001356296
2206799.99857995	774824.99871584
2206925.00132744	774824.998912052
2206924.99770774	774700.0001744
2207049.99843899	774699.99836385
2207049.9980978	774574.999675853
2207174.99546117	774574.99971183
2207174.99839937	774450.001071928
2207300.00434764	774450.002822912
2207299.99996546	774325.000510294
2207425.0038987	774325.00025736
2207425.00144573	774200.001843117
2207550.00336419	774199.999587523
2207675.00363967	774200.000988345
2207675.00274567	774075.000813538
2207800.00100675	774075.000214183
2207800.00339548	773950.000082203
2207924.99829162	773950.001337268
2207925.00396396	773825.001246557
2208049.99684642	773825.000503962
2208175.00138944	773824.999430517
2208174.99667203	773699.997713748
2208299.99785124	773699.998497968
2208299.99641923	773574.996820317
2208425.00483787	773575.003177806
2208550.00371215	773575.001777091
2208550.00249595	773450.002186991
2208674.99935741	773449.998793475
2208675.00142868	773324.999239627
2208799.99492786	773324.997709433
2208924.99873811	773324.999704527
2209050.00225625	773325.001513046
2209049.99609179	773449.998909214
2209049.99493715	773574.998142999
2209049.99879225	773699.999215636
2208924.99936609	773699.999567658
2208924.99590712	773824.996964513
2208924.99610702	773950.000057275
2209050.0003263	773949.999453117
2209049.99800582	774074.998618278
2209175.0036543	774074.999626528
2209299.9970566	774075.000587696
2209300.00454142	774200.001338575
2209425.00072398	774200.000055719
2209549.99661356	774199.998585858
2209675.00281278	774200.000644462
2209674.99927064	774325.001201864
2209799.99764772	774324.997300615
2209925.00498285	774325.000785477
2210050.00142202	774325.000370201
2210174.99756778	774324.99977062
2210300.0040231	774325.002701868
2210424.99958191	774325.001735356
2210549.99619854	774324.996728254
2210675.00177331	774324.999111229
2210799.99645104	774324.99759882
2210925.00143841	774324.999619455
2210925.00491383	774200.000102311
2211049.99593079	774200.000294588
2211174.99860886	774200.000161851
2211175.00230826	774075.002749173
2211300.00297114	774075.000644264
2211299.99936382	773949.999557552
2211424.99666086	773949.999341351
2211550.00223882	773824.999816734
2211674.99722727	773824.997455631
2211674.99714634	773699.998508058
2211799.99937515	773700.001749789
2211925.00266027	773700.000957446
2211925.00416013	773575.000250547
2212050.00408126	773575.001352909
2212049.99692703	773450.000830702
2212174.99483468	773449.999968882
2212300.00305394	773450.002644112
2212299.99748304	773325.000361282
2212425.00368937	773325.001073492
2212549.99899527	773324.997909008
2212675.00326332	773325.002144603
2212674.9962093	773200.000169933
2212799.99981425	773199.998584155
2212925.0017753	773200.000693275
2212924.99630835	773074.996956104
2213049.99625698	773074.997107964
2213174.99591106	773074.997094502
2213175.0012909	772949.999161031
2213299.99758379	772950.00105534
2213424.99493103	772949.998923233
2213425.00190194	772824.999224074
2213549.99588841	772824.999002223
2213550.00481992	772700.003189656
2213674.9967949	772700.001016384
2213800.0004317	772699.998521308
2213799.99900046	772575.001102044
2213924.99927763	772575.000520694
2214049.99925995	772574.999779994
2214174.99894733	772574.998880562
2214174.99739568	772449.997904027
2214300.00433286	772450.002623331
2214299.99548527	772324.997965733
2214425.00041227	772325.000738995
2214549.99443511	772324.99965627
2214675.00012003	772324.998252964
2214800.0041619	772325.000560002
2214924.99729906	772324.999013431
2215050.00075041	772325.001012948
2215175.00390642	772325.002859545
2215299.99750513	772324.996988478
2215425.00007014	772324.998531044
2215550.00233957	772324.999922542
2215675.00431334	772325.001163593
2215799.99538114	772324.998556576
2215799.99742219	772200.000824934
2215924.99708985	772199.999982764
2216049.99646162	772199.99899239
2216174.99553745	772199.99785443
2216300.00492805	772200.000266506
2216425.00206408	772200.002703445
2216550.00025166	772200.001126479
2216549.99569535	772074.998360121
2216675.00113635	772075.002420665
2216799.99701735	772074.998772374
2216924.99585861	771950.000097182
2217050.00004484	771949.998076348
2217175.0025874	771949.999783004
2217175.00140986	772075.002098949
2217299.99610492	772074.997880504
2217424.9997676	772075.001086086
2217424.99779247	772200.001190305
2217550.00421963	772200.002165095
2217674.99973816	772199.999304273
2217800.00557171	772199.999998824
2217800.00451469	772324.999666475
2217925.00115311	772324.998304762
2218049.9961464	772325.000675573
2218175.00280253	772325.002732228
2218299.99854929	772325.000956302
2218425.00461098	772325.00273812
2218549.99976293	772325.000688941
2218675.00522986	772325.002198395
2218675.00268425	772450.000959076
2218799.99895489	772450.000413708
2218924.99492778	772449.999733573
2219050.00256368	772449.998740581
2219174.99794092	772449.997792377
2219300.00363305	772450.000405179
2219424.99841433	772449.999191596
2219424.99859475	772325.001228598
2219550.00197754	772325.001804383
2219549.99487987	772200.000160108
2219674.99625145	772199.998832562
2219800.00111619	772075.001535258
2219800.00069062	771949.999910717
2219924.99669332	771949.99865418
2220050.00301199	771950.000960819
2220050.00286451	771825.001446048
2220174.99655881	771824.998163245
2220174.99974979	771699.998654975
2220300.00070187	771700.001039138
2220299.99661748	771574.997846504
2220424.99556024	771574.998333941
2220550.00481983	771575.002385981
2220550.00101807	771450.00130064
2220674.99765356	771449.999769626
2220674.99719292	771324.998687082
2220800.00243515	771324.998949659
2220800.00397046	771200.001743849
2220924.99524254	771200.000303344
2220925.00146671	771074.999221196
2220925.00078177	770950.000099712
2220924.99453324	770824.999063024
2220925.00395386	770700.003479794
2220799.99963137	770700.00076258
2220674.99501094	770699.99792631
2220550.00070894	770699.99865503
2220550.00041896	770574.99891652
2220424.99691114	770574.997615143
2220425.00338025	770450.001420649
2220425.00428345	770325.003311033
2220425.00096455	770199.999411295
2220300.00362696	770199.99944129
2220299.99510407	770074.999278527
2220300.00359179	769950.000690358
2220174.99875388	769950.000472337
2220175.0033805	769825.001746408
2220175.00243881	769700.001105449
2220049.99725561	769574.999672578
2219924.99828578	769575.000676589
2219925.00157822	769449.999570261
2219924.99795778	769325.000423822
2219800.00344501	769325.000994032
2219799.99730208	769199.997839152
2219799.99486355	769075.000323582
2219674.99984339	768949.998939481
2219674.99992669	768824.999180458
2219675.00505623	768700.00118418
2219549.99857836	768699.999195958
2219549.99983909	768575.001068042
2219549.99686815	768449.997151621
2219425.00411925	768450.002289977
2219424.99727778	768324.998243284
2219425.00475883	768200.003507409
2219424.99738767	768074.999307488
2219300.000173	768075.002133609
2219299.99954816	767950.001479851
2219300.00396731	767825.002585542
2219175.00112663	767700.002297659
2219174.9974353	767574.997487483
2219174.99744727	767449.998308741
2219050.00020857	767449.998417262
2219049.99634436	767324.999111894
2218925.00051059	767325.000893304
2218925.00472823	767200.001261523
2218799.9996795	767200.001044546
2218800.00001897	767075.001288252
2218799.99477981	766949.999617529
2218674.99701356	766824.996998142
2218675.00355544	766700.000630622
2218549.9954325	766699.999804378
2218549.99943134	766574.999442353
2218425.0046705	766575.000091243
2218425.00478708	766449.999607623
2218300.00080944	766449.998264813
2218299.99704278	766324.997661269
2218299.99831498	766199.998812522
2218300.0046261	766075.001717332
2218174.99616338	766074.998103654
2218174.99858927	765950.000889518
2218174.99676905	765824.997889501
2218050.00202679	765825.001420545
2218049.99631963	765699.99830295
2218049.99564958	765574.996937897
2217925.0053424	765575.000076862
2217925.00078399	765449.998595016
2217925.00126219	765324.998864666
2217924.99615526	765199.997219975
2217800.00001961	765200.001973883
2217800.00297948	765075.00000772
2217674.99669174	764950.00070261
2217550.00120473	764824.998893498
2217550.001415	764699.998449668
2217549.99470312	764574.999962129
2217549.99436025	764449.999352427
2217674.99949237	764449.999087613
2217675.00115697	764325.002292524
2217674.99856757	764199.999711594
2217675.00101265	764074.998875857
2217674.99653559	763949.999995101
2217674.99842636	763824.998987564
2217550.00442302	763825.000528294
2217550.00241582	763699.999409006
2217550.00544236	763575.000032461
2217425.00390497	763575.001414129
2217425.00303218	763450.001927157
2217424.99656864	763325.000524687
2217299.99945226	763325.001538223
2217300.00104381	763199.999813925
2217299.99571161	763075.000043906
2217175.0030146	763075.000692196
2217175.00573587	762950.000600445
2217050.00381172	762949.999291493
2217050.00262941	762824.999092773
2217049.99585375	762699.996978832
2216924.99701557	762699.999178653
2216924.9969595	762575.00061408
2216800.00084895	762575.000645331
2216799.99821781	762449.998106659
2216674.99696546	762324.99719701
2216550.00364767	762325.00063155
2216550.00382645	762200.001540149
2216425.00261038	762199.999154916
2216424.99888036	762074.999961711
2216299.99906022	762074.999279783
2216174.99894877	762074.998487587
2216175.00495105	761950.00079265
2216049.99561066	761949.998051115
2216049.997702	761825.000257061
2216049.99552443	761699.99668129
2215924.99989148	761700.001112558
2215925.00442647	761575.001090742
2215925.00336196	761449.999154806
2215800.00151447	761449.999589498
2215799.99653572	761324.99755714
2215674.99608327	761324.999698839
2215549.996669	761324.997862741
2215550.00008599	761200.001203973
2215425.00206648	761200.001075604
2215300.00375655	761200.000835892
2215175.00515629	761200.000484215
2215174.99873057	761074.999853396
2215050.0015253	761075.00120938
2214925.00402987	761075.002452553
2214799.99561935	761074.999931208
2214800.00192728	760949.998771297
2214674.99491181	760949.997958302
2214674.99597212	760825.000574985
2214550.00230469	760825.001255697
2214550.00077254	760699.999918893
2214424.99787456	760699.998658898
2214300.00154283	760575.001335051
2214300.00411966	760449.999610276
2214175.00401071	760450.001770818
2214050.00493969	760449.999952011
2213925.00425218	760450.001881948
2213924.99564758	760325.000075599
2213799.99768181	760324.999851988
2213674.99942698	760324.999512243
2213550.00367266	760200.000608073
2213424.99589824	760199.998213353
2213424.9947613	760074.99968609
2213300.00033316	760074.998788774
2213299.99526895	759950.000182516
2213175.00223499	759950.000997296
2213175.00519429	759825.002098376
2213050.00292899	759825.000977893
2212925.00037538	759824.999739216
2212925.00241366	759699.998732697
2212800.00125413	759699.999207378
2212799.99936176	759574.998125904
2212800.00248164	759449.998784496
2212675.004398	759450.002805974
2212675.00491131	759324.999528549
2212799.99866272	759325.001397701
2212800.00118132	759200.001887502
2212799.99808582	759075.00046953
2212925.00013856	759074.998337743
2212924.9990497	758950.000684986
2213049.99780939	758950.000465605
2213174.99684482	758825.000546438
2213300.00397543	758825.00190793
2213299.99724572	758699.998579724
2213425.00108463	758700.001857097
2213549.99956089	758574.999759682
2213675.00114472	758575.000980063
2213674.99808132	758449.999478758
2213799.99769828	758449.998755617
2213799.997971	758324.997150652
2213925.00492592	758325.001989456
2214050.00228814	758324.999215323
2214050.00289653	758199.999535969
2214174.99696901	758199.998686097
2214175.00091575	758074.998900212
2214300.003651	758074.999750412
2214299.99898512	757950.000082321
2214424.9997549	757949.998994348
2214424.99842882	757824.999217531
2214549.99591074	757825.00005755
2214549.99792531	757700.000170445
2214675.00407203	757700.002711474
2214674.99879833	757574.999075862
2214800.00298081	757574.999681576
2214925.00062327	757450.002336259
2215050.00096694	757324.999078336
2215175.00004735	757200.001505266
2215174.9961933	757074.997642427
2215300.00050939	757075.001884986
2215300.00000015	756949.997904127
2215300.00318922	756824.999503041
2215425.00386925	756824.999983182
2215424.99977303	756699.997829837
2215424.99937603	756575.001254723
2215549.99642094	756574.997973989
2215549.99937114	756450.001276223
2215549.99802977	756324.998790832
2215550.00038838	756200.001880884
2215549.99845441	756074.999182987
2215550.00022063	755950.002059124
2215425.00354466	755950.003146422
2215425.00268857	755825.002069292
2215424.99621865	755699.999071312
2215425.00540055	755575.001405712
2215424.99833517	755449.998191972
2215424.99628833	755324.996682777
2215424.99794202	755200.00074353
2215424.9952989	755074.999015434
2215424.99767415	754949.998989229
2215425.00506782	754825.000663672
2215550.00402695	754825.001898134
2215550.00413669	754699.999810755
2215549.99731339	754574.999667203
2215549.99682548	754449.99735551
2215550.00003925	754325.000608155
2215549.99895304	754199.998069869
2215550.00156873	754075.001094515
2215549.99988342	753949.998327904
2215550.00190021	753825.001122815
2215549.999615	753699.998126145
2215550.00103209	753575.000689586
2215549.99814616	753449.997461121
2215549.99896275	753324.999791358
2215549.99547531	753199.996329363
2215549.99569057	753074.99842466
2215425.00404886	753075.000255985
2215425.00162281	752949.998402152
2215425.00289939	752825.002104337
2215424.99986974	752700.000014038
2215425.00185642	752574.999611702
2215299.99662084	752574.997644434
2215300.00528606	752450.000774958
2215175.00142651	752450.000573104
2215174.99549518	752325.000010985
2215174.99589194	752199.997269752
2215174.99999094	752075.000080577
2215299.99755241	752074.998607938
2215300.00500573	751950.001255756
2215299.99619856	751824.9983659
2215424.99947801	751825.000596501
2215425.00466399	751700.001152066
2215549.99535892	751699.997847678
2215550.00247155	751825.002749473
2215674.99585292	751824.997348529
2215799.99827433	751824.999348056
2215800.00439805	751950.00214862
2215924.9988677	751949.998440997
2216050.00237703	751950.002135331
2216049.99687527	752074.999220721
2216175.00307132	752075.000817333
2216175.00424898	752200.001428566
2216300.00118116	752200.001183861
2216424.99782664	752200.000864599
2216424.99802046	752324.999365044
2216549.99735342	752324.996945922
2216550.00291568	752450.0028387
2216675.00362344	752450.002187595
2216800.00404423	752450.001462576
2216799.9993007	752574.997759686
2216925.00109615	752574.998802303
2217050.00260446	752574.999771856
2217175.00382556	752575.000668964
2217300.00475936	752575.001494246
2217424.99476708	752574.998637634
2217425.00466901	752700.001943708
2217549.99736485	752699.996984362
2217550.00331449	752825.000196484
2217674.99738501	752824.997003978
2217674.99938317	752950.000121013
2217799.99482845	752949.998695006
2217800.00482861	753075.001457374
2217925.0016488	753075.001797132
2218049.99657065	753199.999084244
2218174.99579216	753199.997248395
2218174.99955751	753325.001650376
2218300.00015417	753325.001579399
2218425.00046253	753325.001439302
2218550.00048251	753325.001230704
2218675.00021403	753325.000954223
2218799.99965703	753325.000610482
2218924.99881142	753325.000200099
2219049.99960327	753200.001331643
2219174.99651722	753199.99895866
2219300.00378168	753200.000132126
2219424.99880344	753200.001504436
2219549.99485082	753199.998940182
2219675.00124879	753199.999923728
2219674.99831225	753324.999983899
2219799.99544437	753324.999124206
2219925.00292693	753325.001813361
2220049.99948065	753325.000830751
2220174.99574501	753324.999787697
2220300.00235986	753325.002294839
2220424.99804536	753325.001132586
2220550.0040814	753325.003521429
2220675.00050254	753324.998366647
2220799.99531914	753324.997030112
2220925.00048634	753324.999246022
2221050.00536384	753325.001405486
2221174.99931095	753324.999900295
2221174.99831926	753200.000636373
2221300.00095488	753200.000860476
2221425.00330059	753200.001030383
2221550.00535632	753200.001146716
2221674.99648083	753199.997602484
2221675.00320733	753075.000191431
2221800.00170673	753075.002257172
2221925.0012303	753075.000394032
2222050.00046361	753074.998480188
2222174.99809223	753075.000394685
2222175.00190023	752950.001231052
2222299.99757733	752950.001274703
2222425.00492021	752950.000996979
2222550.00001641	752950.000944824
2222674.99613615	752949.996966592
2222800.00129344	752950.000426279
2222924.99551768	752950.00023526
2222925.00373201	752824.999285785
2223049.99600481	752824.997230069
2223174.99862957	752824.998734391
2223174.99529786	752699.999955375
2223299.99597166	752699.999596783
2223299.99602602	752575.000651193
2223424.99474909	752574.998430736
2223550.00382478	752574.999771028
2223675.00077491	752449.998596556
2223799.99565241	752449.998316021
2223925.00088278	752450.001597872
2223925.00142128	752325.0007385
2224050.00470186	752325.002163389
2224174.99704712	752324.999950223
2224299.99974551	752325.001300645
2224425.00215274	752325.002614678
2224550.00558179	752325.000010371
2224674.99676179	752324.997653522
2224675.00041617	752199.998901027
2224800.00029106	752199.998293501
2224924.99856168	752200.001535685
2225049.99785362	752200.000861963
2225050.00027273	752075.002187591
2225174.99761512	752074.999666563
2225300.00531139	752075.000712089
2225299.99750971	751950.000333864
2225425.00325689	751949.999533651
2225549.99675423	751949.998990841
2225550.00133728	751825.000219322
2225675.00353183	751825.00143021
2225800.00111219	751699.998253404
2225924.9997546	751700.001480174
2226049.99941717	751700.000795916
2226174.99878784	751700.000086001
2226299.99786654	751699.999351052
2226299.9999966	751575.000737852
2226424.99712703	751574.998166069
2226425.00265792	751449.999372044
2226549.9965288	751449.998850537
2226550.00546137	751324.999874127
2226674.9973847	751324.99751832
2226799.99966353	751324.998734112
2226799.99838451	751199.998055406
2226924.99871625	751199.997438466
2226924.99952976	751075.000461937
2227049.99791467	751074.998013532
2227174.99469654	751074.999433641
2227174.99726033	750950.000459454
2227300.00405503	750949.999753469
2227424.99859829	750949.999327648
2227550.00349795	750950.002475783
2227674.99876713	750949.99813048
2227674.9984645	750824.997422971
2227800.00112586	750824.99872984
2227925.00349485	750825.00002267
2228049.99492205	750824.997713387
2228050.00405968	750700.000673555
2228175.00419042	750700.00013071
2228175.00477813	750575.003200646
2228300.00296334	750575.000836811
2228299.9963115	750450.000128231
2228425.00320145	750449.999531193
2228424.99996047	750324.998629981
2228550.00359608	750325.000102898
2228550.00245744	750200.002897046
2228549.99704144	750074.999830923
2228549.99668895	749949.998378689
2228550.00140002	749824.998539101
2228674.99552003	749825.000543687
2228675.00364439	749700.000504799
2228675.00487291	749575.002383036
2228675.00051382	749450.002289003
2228675.00252633	749324.999914665
2228800.00040581	749324.998252785
2228800.00452491	749199.999564737
2228800.00305586	749074.998903198
2228799.99469106	748950.000158533
2228800.00334981	748825.002709197
2228799.99576693	748699.999706842
2228800.00390031	748575.001887312
2228799.99579114	748449.998515514
2228800.00339831	748325.000324045
2228800.00541546	748200.000157383
2228800.0005365	748075.001905895
2228800.00202624	747950.001365218
2228799.99792493	747824.998849394
2228799.9988862	747699.997932956
2228674.99568655	747699.996884831
2228675.00335526	747574.999383425
2228675.00543202	747449.999906016
2228550.00335928	747325.002858693
2228549.99719912	747199.997358684
2228550.00545066	747075.000917118
2228425.00053985	747075.00150072
2228424.99549025	746949.997441385
2228425.00485251	746825.002438301
2228424.99926874	746699.997998914
2228300.0014187	746574.999132258
2228299.99563907	746450.000021712
2228299.99622197	746324.998615608
2228175.00319202	746325.002351333
2228174.99982041	746200.00079111
2228175.00150777	746075.000823384
2228174.99759816	745949.998879482
2228174.99874729	745824.998526662
2228175.00495519	745699.999763673
2228049.99982979	745700.001596448
2228050.00207997	745575.00268105
2228050.00003288	745449.997900317
2228050.00174247	745324.998596867
2228049.99785313	745199.997316429
2228049.9990215	745074.997623179
2228050.00394743	744950.003404549
2227925.00161206	744950.00096896
2227925.00387656	744825.002710968
2227925.00184054	744699.998587044
2227925.00356147	744574.999936292
2227924.99968155	744449.999307739
2227925.00085829	744325.000262479
2227799.99706151	744324.999527208
2227799.99557203	744199.996445107
2227799.9978396	744074.998833477
2227674.99832477	744074.997880066
2227674.99662582	743950.000120618
2227675.00128071	743825.000054308
2227550.004748	743825.002773233
2227549.99477619	743699.999001591
2227425.00088794	743699.999674976
2227424.99760535	743574.9993167
2227300.00506318	743575.001833084
2227299.99781063	743450.001330257
2227299.99690893	743324.998520527
2227174.99798587	743324.997269434
2227175.00247399	743200.001760691
2227175.00265325	743075.000386812
2227174.99722583	742949.997035329
2227174.99555423	742824.999148987
2227175.00023165	742699.998952231
2227174.99800565	742575.00066398
2227050.00052653	742574.999108139
2227049.99562092	742449.99679145
2227049.99447122	742324.999937203
2226924.99996783	742325.002068969
2226924.99743226	742199.997300563
2226924.99865208	742074.997993315
2226799.99646353	742075.000262672
2226800.00566019	741950.000481663
2226674.99544967	741949.997165512
2226674.99937179	741825.001132579
2226674.99897808	741699.999234834
2226550.00369577	741699.99927889
2226549.99802647	741575.001130154
2226549.99870061	741450.000667851
2226424.99702396	741449.996972435
2226425.00437609	741324.999924112
2226424.99545488	741199.997347793
2226299.9967492	741199.997352425
2226300.0051659	741075.001739661
2226174.99714091	741075.000053321
2226175.00286601	740950.000420955
2226049.99618268	740950.000593375
2226049.99792176	740825.000828172
2225925.00453418	740825.002522936
2225925.00228639	740700.002625488
2226050.00470747	740700.002632615
2226049.99521667	740574.998911535
2226050.00143367	740450.000306184
2226050.00203516	740324.999721936
2226174.99799591	740324.998089763
2226175.00072513	740200.001110731
2226174.99913054	740074.998266876
2226175.00129063	739950.000873467
2226174.9991259	739824.997614904
2226175.00071604	739699.999805369
2226174.99668951	739575.000015753
2226174.99899964	739449.997902929
2226175.00506509	739325.00123646
2226300.00401392	739200.003083792
2226299.99722064	739075.000605648
2226299.9954732	738949.999686513
2226425.00110538	738950.000043013
2226425.00278104	738824.998830972
2226424.99754924	738699.999522617
2226424.99865282	738574.997884404
2226549.9965535	738575.000484145
2226550.00108143	738449.998549504
2226674.99707478	738449.999323578
2226799.99782532	738324.999926902
2226799.99725027	738199.997745573
2226925.00009504	738199.998407539
2226925.00165816	738074.999812734
2226924.99760323	737949.999232945
2227049.99563331	737950.000108286
2227049.99500589	737824.999226604
2227175.00179644	737825.001814358
2227175.0045973	737700.000628674
2227299.99881644	737699.997862719
2227300.00375872	737575.000259381
2227425.00315767	737450.001652539
2227424.99524507	737324.998223647
2227550.00408255	737325.000920478
2227675.00196732	737325.000120498
2227675.00524756	737200.001950713
2227800.00122843	737199.999335065
2227924.9956368	737200.000643701
2227925.00073145	737075.000313341
2228050.00390413	737075.003337885
2228174.99740961	737074.998982181
2228300.0000106	737075.002082412
2228425.00361212	737075.001332108
2228549.99625949	737074.997092381
2228674.99800245	737075.000310608
2228800.00074572	737074.999679512
2228925.0032028	737074.999089266
2228924.99655146	736949.997172781
2229049.99581892	736949.998667277
2229174.99480007	736950.000204694
2229175.00063837	736824.999654744
2229299.99771663	736824.999388812
2229424.99450847	736824.999167434
2229425.00088341	736700.000346097
2229425.00164473	736574.999529356
2229550.00430192	736575.003076691
2229549.99783372	736449.998417767
2229549.99513594	736324.999179126
2229675.00494627	736325.002603137
2229674.99501964	736199.999521324
2229675.00081936	736075.001489287
2229799.99644392	736074.99774367
2229800.00440123	735950.003280678
2229799.99735837	735824.99940659
2229924.99885473	735824.99942943
2229925.00464139	735700.002644001
2230050.00279749	735575.000238384
2230049.99574248	735449.997608185
2230175.00121472	735449.99960293
2230174.99632076	735325.000537416
2230299.9998946	735325.000737781
2230299.99844612	735200.001343215
2230425.0001218	735199.999750255
2230425.0021194	735075.000025071
2230550.00061423	735075.000532882
2230549.99538623	734949.996959003
2230675.00265614	734949.999192543
2230674.99959288	734824.999178889
2230800.00496588	734824.999622209
2230800.00406862	734700.003167648
2230924.99687184	734699.998307092
2230924.99942375	734575.001517343
2231049.99633189	734449.997743262
2231049.99672011	734324.998612674
2231175.00418608	734324.999251997
2231299.9994105	734325.000335099
2231300.00164047	734199.999017048
2231424.99496959	734199.998316455
2231550.00147862	734075.001580599
2231675.00330095	734075.002674274
2231674.99887151	733949.999209194
2231799.99879927	733949.998521802
2231799.99654251	733824.998609046
2231925.00525098	733824.999651658
2231924.99449313	733699.999780298
2232050.0013078	733699.999043679
2232174.99588036	733699.998762658
2232300.00084195	733700.002060425
2232424.99612219	733699.998023604
2232425.00406885	733575.003181577
2232549.99745525	733574.99737038
2232674.99995063	733574.999035506
2232800.00215949	733575.000773211
2232799.99967473	733449.998385059
2232800.00097547	733325.001390149
2232924.9996848	733324.999511385
2232925.00444533	733200.002166239
2233050.00126202	733199.998517221
2233049.9975266	733075.001212634
2233175.00312779	733074.999299683
2233299.99648596	733074.997856159
2233300.00528361	732950.001858913
2233424.99833256	732824.998793529
2233549.99730555	732825.001219848
2233550.00235137	732700.001008939
2233674.99726494	732574.997600568
2233674.99888582	732449.99891622
2233800.00315148	732449.999471426
2233799.99628058	732325.000825662
2233924.99865626	732324.99961827
2234050.00074539	732324.998493803
2234049.99573672	732199.99764414
2234174.99465815	732199.998658514
2234175.00379504	732075.00094711
2234300.00082727	732075.000202279
2234424.99757278	732074.999543459
2234424.99661811	731950.000025591
2234550.00215403	731950.001108194
2234674.99672374	731949.998780104
2234674.99763568	731824.997054521
2234799.99971909	731825.000369512
2234800.00282372	731700.002178501
2234925.00429615	731699.999838962
2234924.99891424	731575.001685341
2235049.99849858	731574.997592956
2235049.99658784	731449.999072002
2235175.00368834	731450.00062412
2235299.99982145	731449.998773326
2235424.99566763	731449.997015583
2235550.00190768	731449.998846198
2235674.99717987	731449.997276261
2235675.00174441	731324.998412717
2235674.99942611	731200.00142786
2235675.00345857	731075.002010974
2235675.00188377	730950.000570448
2235799.99987492	730949.999124153
2235800.00049967	730825.001211644
2235799.99679247	730699.997372763
2235799.99688428	730574.998902849
2235800.00205062	730450.001898438
2235925.00276792	730450.000571342
2235925.00072859	730324.999697986
2235925.00376381	730200.000288357
2235925.00119062	730074.998852988
2235925.0024177	729950.002782345
2235924.99930999	729825.000783199
2235925.00127629	729700.00024493
2235924.99763298	729574.997680242
2236050.00443219	729575.002223317
2236050.00426754	729449.999271697
2236049.99721994	729324.998195778
2236049.99524651	729199.998577534
2236174.99697503	729199.99768588
2236174.99848147	729074.997677395
2236175.00379014	728950.003026583
2236300.00204417	728949.998547587
2236300.00014913	728825.000021298
2236300.00332902	728700.002948042
2236300.00217023	728574.999942288
2236425.00349945	728575.00131797
2236425.00455099	728450.001819282
2236424.99999181	728325.000290651
2236549.99785028	728324.998080759
2236549.99550278	728200.00005771
2236675.00216927	728199.99959021
2236799.99659286	728199.999658916
2236799.99613769	728074.99938893
2236924.99937009	728075.001201663
2236925.00239984	727950.000530328
2236924.99981915	727824.99782654
2237049.9983135	727824.999962265
2237174.99779218	727824.99830846
2237174.99583651	727699.997258643
2237300.00285572	727700.001254245
2237425.00017191	727699.997985278
2237424.9988433	727574.998588671
2237550.0037008	727575.000970965
2237674.99758475	727574.999996241
2237674.99815492	727449.998347147
2237800.00085083	727449.999120059
2237925.00326064	727450.000012629
2237925.00446157	727325.000015334
2238050.00372667	727325.003088758
2238049.99773013	727199.999209294
2238049.99554408	727075.000672105
2238049.99970675	726949.999663666
2238049.99699156	726825.000523702
2238050.00062437	726699.998911059
2238175.00108302	726700.000253631
2238174.99625065	726574.998662018
2238174.99649795	726449.998502084
2238300.00418617	726449.999744636
2238299.99596937	726324.999604955
2238300.00478995	726200.000456844
2238299.99604329	726074.999707466
2238424.99741984	726074.9994395
2238425.00285769	725950.001737518
2238425.00268555	725825.001994868
2238424.99690295	725700.000211923
2238424.99620018	725574.999854414
2238550.00037485	725574.999693757
2238550.00316777	725449.998910974
2238549.99908372	725324.999993662
2238674.99795162	725200.000827887
2238675.00244495	725075.002904388
2238675.0025924	724949.999030888
2238674.99586274	724824.997022209
2238675.00490514	724699.999893943
2238800.00432234	724700.002232295
2238799.99547881	724574.997748732
2238800.00114336	724450.002049995
2238924.99711217	724450.00082227
2238924.99684779	724324.997320637
2238925.00039975	724199.99914121
2239050.00235022	724200.001714799
2239049.9987095	724074.999638922
2239050.00014948	723949.998975811
2239174.99865448	723949.99798464
2239175.00233211	723825.000789264
2239175.00039745	723700.001547574
2239175.00480684	723574.999807514
2239175.00234024	723449.999928893
2239175.00495452	723325.00145857
2239175.00195531	723200.000941249
2239175.0040367	723075.001830795
2239175.00050399	722950.000673
2239175.0020516	722825.000920643
2239049.99766179	722700.000012463
2239050.00025133	722575.001471847
2239049.99722537	722450.000883393
2239049.99927891	722325.001697863
2239049.99571635	722200.000464154
2238925.00393547	722200.001108661
2238924.99633173	722074.999683863
2238925.00450249	721950.003109655
2238924.99762003	721824.997130361
2239050.00480791	721825.001718739
2239050.00016963	721699.999188656
2239175.00310676	721575.002983427
2239174.99635575	721449.997943935
2239299.99699529	721450.001160249
2239300.00318777	721325.003012841
2239300.00376281	721200.002814421
2239299.99871998	721075.000565366
2239299.99875622	720949.999710121
2239425.00351847	720949.99908524
2239424.99510606	720824.998227753
2239549.9967546	720824.999803854
2239550.00254807	720700.001921518
2239550.00272355	720575.001986398
2239675.00094574	720574.999996569
2239675.00463003	720449.999590766
2239675.00143869	720325.001040621
2239675.00458456	720199.999968883
2239675.00085463	720075.000752461
2239675.00346119	719949.999013012
2239674.99919177	719824.999128536
2239675.00000201	719700.000628573
2239674.99519244	719575.000074268
2239674.99671792	719449.996994073
2239675.00206689	719324.999204666
2239800.00068357	719325.001273559
2239799.99884442	719199.999565755
2239800.00208464	719074.999237987
2239924.99728348	719074.997741234
2239925.00278129	718950.000838344
2239925.00265857	718825.001878622
2239924.99691484	718700.000862441
2239924.99750478	718574.997313673
2239925.00191987	718449.999049873
2239925.00071321	718324.998728553
2239925.00458579	718199.999781359
2239925.002836	718074.998776302
2239924.99421033	717949.999623164
2239925.00261853	717825.001362775
2239925.00540361	717700.001043463
2239925.00256511	717574.998665602
2239925.00355281	717450.001566972
2239925.00016871	717324.998500044
2239925.00061096	717200.000710911
2239924.99668038	717074.996953136
2239924.99657629	716949.998471724
2239925.00155046	716825.001356004
2239925.00089951	716700.002179987
2239924.99587363	716574.99703464
2240050.00425509	716575.002883875
2240050.00149578	716450.001141468
2240050.00381441	716325.000761535
2240174.99809008	716324.999618553
2240175.00267685	716200.002639361
2240175.0028877	716074.999688251
2240174.99622237	715949.998585283
2240174.99463513	715824.99884157
2240174.99812597	715700.00045585
2240050.00344093	715699.999712431
2240050.00286303	715575.001135846
2239924.99874997	715574.999019742
2239924.99535108	715449.996344572
2239800.00321976	715449.999695819
2239799.99575012	715324.996832281
2239800.00281345	715200.002653531
2239675.00405955	715200.002599309
2239674.99759393	715075.000905433
2239550.00136435	715074.99899225
2239550.0015308	714950.000530034
2239549.99606687	714825.00000605
2239425.00266971	714825.00201967
2239425.00508428	714700.000818652
2239425.00062006	714575.00146424
2239425.00247711	714449.999555291
2239424.9974552	714324.999492606
2239424.9975073	714200.000782481
2239425.00387974	714074.999515118
2239425.00337312	713950.000092957
2239424.99723349	713824.998607836
2239424.9961673	713699.998472403
2239425.00017457	713574.999685393
2239424.99854807	713449.998834361
2239425.00199473	713324.999330316
2239550.00387385	713325.000647812
2239549.9988891	713200.001106887
2239550.00022248	713074.99900241
2239549.9946767	712949.99874179
2239675.00108374	712950.001914983
2239674.99906009	712825.00111604
2239675.00211001	712700.001659248
2239674.99952496	712575.000136307
2239549.99901437	712574.9987015
2239550.00305284	712450.000402242
2239550.00145555	712325.000036679
2239425.00376591	712325.002552809
2239424.99932535	712199.998096516
2239300.00508721	712075.00144938
2239300.00038786	711950.002059995
2239300.00200247	711825.000101004
2239175.00172842	711824.999304792
2239174.99801117	711700.001074007
2239050.00024896	711699.998441505
2239050.00439276	711574.999527338
2239050.00165565	711450.002454833
2238924.99600124	711450.000379458
2238925.00236512	711324.998716514
2238799.99797977	711324.998715421
2238799.99900933	711200.000782912
2238799.99563933	711074.996877146
2238674.99531129	711074.996933188
2238674.99731568	710950.000160558
2238675.00562938	710825.000815401
2238674.99635045	710699.999910657
2238675.00409018	710574.999832616
2238550.00019955	710575.000331301
2238550.00384221	710450.00007853
2238550.00060188	710325.001666291
2238550.00366861	710200.000679043
2238549.99985218	710075.001531982
2238550.00234209	709949.999808472
2238549.99794865	709824.999924804
2238549.99862216	709700.001370255
2238550.00560107	709575.00023655
2238549.99498478	709449.997546811
2238550.00014676	709324.999578844
2238549.99966333	709199.999542302
2238550.00424628	709075.000830733
2238550.00318322	708950.000050246
2238549.99647367	708824.997201213
2238550.00430572	708700.002974076
2238675.00027732	708700.000384283
2238675.00092221	708575.002190104
2238674.99715695	708449.998018904
2238674.99722118	708324.999075233
2238675.00235163	708200.001450598
2238675.00183467	708075.001755101
2238674.99566985	707949.999989116
2238674.99457064	707824.999540553
2238674.99853705	707700.000408148
2238799.99963426	707700.001327884
2238799.99641397	707574.998224023
2238799.99702454	707450.000341973
2238925.00548397	707450.001047139
2238924.99890845	707324.999192629
2238924.99739893	707199.998650697
2239050.00127312	707199.999663526
2239050.00205885	707075.002440108
2239175.00412001	707075.001754808
2239174.99772065	706950.000557608
2239174.99638796	706825.000669582
2239300.00581576	706824.999769522
2239299.99606473	706699.999814806
2239425.00244707	706700.001126989
2239424.99622777	706575.000578978
2239550.00079853	706575.000196369
2239675.00509299	706575.000020272
2239674.999638	706450.000886119
2239800.00212112	706449.999017527
2239800.00019972	706324.999287199
2239924.99963899	706324.999636578
2239925.00125197	706199.999308503
2240049.99888064	706199.997967945
2240050.00279623	706075.000950178
2240174.99861455	706074.997920963
2240174.99534867	705949.996925123
2240299.99884222	705949.999495775
2240425.00205943	705950.002279199
2240425.00079702	705824.998782247
2240550.00220485	705824.999879885
2240675.00333625	705825.001191936
2240800.00216905	705699.998732059
2240925.00121476	705699.998576676
2241049.99998387	705699.998637974
2241049.99750546	705574.999971328
2241175.00518425	705575.001727146
2241300.00186781	705575.000326646
2241300.00139821	705449.999156821
2241424.9950418	705449.999990467
2241424.99811393	705324.998213702
2241425.00502875	705200.001637581
2241549.99533291	705199.998897935
2241549.99507119	705074.998340095
2241675.00500682	705075.000668851
2241674.99633843	704950.000041051
2241675.00469442	704825.000157653
2241799.99934281	704824.9994554
2241799.99929304	704699.999500875
2241800.00431783	704575.000829771
2241924.99563013	704574.99655726
2241925.00297065	704450.001183381
2241925.00589497	704324.999809097
2241925.00194383	704200.000260576
2241924.99522789	703699.997481572
2241924.99520584	703574.997593978
2241799.99836331	703574.998586612
2241800.00494197	703450.001875897
2241799.99515054	703324.999712649
2241800.0011544	703200.002188707
2241800.00150951	703075.002575708
2241799.99621539	702950.000874023
2241799.99599417	702825.000445658
2241674.99976366	702825.001891402
2241674.99664391	702699.997364774
2241674.99736983	702574.998022828
2241675.0031681	702449.999951836
2241675.00331558	702324.99979093
2241674.99781181	702199.997540482
2241674.99615441	702075.000471831
2241675.00079432	701950.000758783
2241674.9997822	701824.998955123
2241675.00261683	701700.002330545
2241675.00102372	701574.999702546
2241675.00327748	701450.002252184
2241549.99625763	701449.999167589
2241549.99560375	701324.997621746
2241549.99879662	701200.001252226
2241550.00037356	700700.000449234
2241425.00464882	700700.001231997
2241425.00376183	700574.999108891
2241424.99599639	700449.998806206
2241300.00425869	700449.999736813
2241300.00308163	700325.00260504
2241299.99747035	700199.999469697
2241299.99692759	700074.997593171
2241300.00023174	699950.000885996
2241299.99910024	699824.99817418
2241300.00181577	699700.00063027
2241299.99887361	699575.000993177
2241300.00222059	699449.998698931
2241299.99868827	699324.998222959
2241300.00022401	699199.999000195
2241299.99610082	699074.997683549
2241299.99704539	698949.997618666
2241300.00183805	698825.002716078
2241300.00219089	698700.00180673
2241299.99688356	698574.998802803
2241175.00154573	698574.99908318
2241175.00281961	698449.999245249
2241174.99721371	698325.001224166
2241300.00025155	698325.00045209
2241299.99941779	698199.997848977
2241300.00243251	698075.000403819
2241299.9997861	697950.000862662
2241300.00220666	697825.002566207
2241300.00018319	697699.998261595
2241300.00200845	697574.999112046
2241299.99817133	697449.997865797
2241299.99940059	697324.997861357
2241300.00447937	697200.003009258
2241300.00511206	697075.002147581
2241300.00008112	696949.999188506
2241299.99889975	696825.001380151
2241300.00400055	696700.000897628
2241175.00524085	696700.000396234
2241174.99424066	696575.00031448
2241175.00025156	696450.000893222
2241050.00545376	696450.000579043
2241049.9965778	696324.997648671
2240925.00301684	696324.999511434
2240925.00071371	696199.999741755
2240925.00347465	696075.001207686
2240800.00314312	696074.999928585
2240800.00174518	695950.001221919
2240675.00264991	695950.002122026
2240674.99830674	695824.999333189
2240550.00166214	695824.998502572
2240550.00267441	695700.002786086
2240549.99923247	695575.00106146
2240424.99581395	695574.997097265
2240424.99894033	695449.998534867
2240299.99554343	695450.000663209
2240299.99572041	695324.998022178
2240174.99477267	695324.998423281
2240175.00151637	695199.998945261
2240175.00137608	695075.001279309
2240050.00438262	695075.001884888
2239924.99638736	695074.999414045
2239924.99480001	694949.999603709
2239799.99998379	694949.998738189
2239800.00496085	694825.00209218
2239675.00266989	694699.999364141
2239674.99780602	694575.000457548
2239549.99744467	694574.998659929
2239424.99681318	694574.997115501
2239299.99469934	694574.999731954
2239175.00425894	694575.002020551
2239050.00281729	694575.001231886
2238925.00110573	694575.000693911
2238925.00323108	694449.999577375
2238800.00275418	694450.001226468
2238800.00070752	694324.999952383
2238675.00267706	694324.999881667
2238674.99645741	694199.998451177
2238674.99529162	694074.998254243
2238550.00121065	694074.998403233
2238549.99587046	693949.998050661
2238425.00302338	693950.000389378
2238425.00423964	693825.003208699
2238425.0009879	693700.00002692
2238300.00135662	693699.999263544
2238175.00145622	693699.998750851
2238174.99552982	693574.997357485
2238049.99686289	693574.99903661
2237924.99792699	693575.000965559
2237799.9999327	693574.99923801
2237675.00045904	693575.00166495
2237550.00192712	693575.000434578
2237425.00312648	693574.999451964
2237300.00284666	693575.002621311
2237175.00350876	693575.002132123
2237050.00390232	693575.00188882
2236925.0040274	693575.001890775
2236800.00388407	693575.002137365
2236799.99917002	693700.001093442
2236674.99725557	693699.999637242
2236549.99507281	693699.998424033
2236425.00335213	693700.00078156
2236300.00063281	693700.000052615
2236174.99764536	693699.999564786
2236174.99877044	693825.00115825
2236050.00474157	693825.002291615
2235924.99971462	693825.000335214
2235800.00514945	693825.001947374
2235799.99901542	693699.998968695
2235674.99495594	693699.999439453
2235550.0025691	693699.999575909
2235424.99797393	693700.000522397
2235300.00505135	693700.001134088
2235175.00113148	693699.998652692
2235049.99573329	693700.000308118
2234925.00200761	693700.001628003
2234799.99728508	693699.999852448
2234675.00302428	693700.001641534
2234674.99763518	693574.999109513
2234550.00461048	693575.00308594
2234549.99503377	693450.000425303
2234425.00445543	693450.002689611
2234425.00262962	693324.999330952
2234300.00255766	693325.000454698
2234299.99654212	693199.996969542
2234174.99770586	693200.000282721
2234174.99822937	693075.000000682
2234050.00183831	693075.00160465
2233924.99445102	693075.000112966
2233925.00422424	692950.001093222
2233799.9992817	692949.997893925
2233675.00359256	692950.002154078
2233674.99994549	692825.001641674
