   1.5937238e-07
   3.6805574e-07
   8.8805845e-07
   2.0923780e-06
   3.8476986e-05
   1.8330773e-05
   5.2423056e-06
   6.3596463e-06
   5.2427989e-04
   1.8874072e-04
   5.8765988e-05
   1.3296305e-06
   3.6963510e-06
   1.1178345e-07
   6.6954192e-04
   3.3872297e-04
   7.2927757e-05
   1.3841089e-05
   4.9416745e-07
   1.0802277e-04
   2.2559769e-08
   1.6273953e-09
   3.0582212e-08
   5.9193981e-09
   1.1594923e-09
   7.1291498e-08
   6.0837240e-08
   8.5769350e-09
   1.6266357e-08
   1.0931809e-08
   2.2949096e-10
   1.0248687e-09
   3.6272170e-09
   6.2132329e-10
   4.6423512e-08
   1.9159640e-10
   3.5933425e-10
   1.2652701e-10
   4.8570770e-10
   2.6535132e-09
