   4.8902912e+05   2.9651409e+05
   5.0560364e+06   2.8621456e+07
   2.5092075e+06   1.4039678e+06
   1.0531954e+06   3.7412142e+06
   6.5806634e+06   4.8947306e+05
   2.5889909e+05   8.6817044e+06
   3.9044190e+06   1.0327913e+06
   2.8841758e+06   1.2064301e+07
   5.9430989e+05   1.6688367e+07
   1.3182360e+06   2.3121027e+07
   1.8065859e+05   2.7378518e+06
   1.2850950e+05   1.9613353e+05
   9.5899269e+05   5.8155740e+05
   4.7164986e+06   5.1083650e+07
   9.6704370e+06   2.3788682e+05
   2.4344068e+05   4.2326475e+07
   1.6333181e+06   5.6149008e+06
   6.9507160e+05   7.3281090e+07
   1.1092105e+05   1.2434061e+05
   3.8503882e+05   2.1543665e+06
